chart(120,4)
# Audio stress test: use alongside continuous music. Effects may drop at capacity; music should stay audible.
skyarea(1000,25,100,20,25,100,20,0,0,20,0)
flick(1000,25,100,20,16)
flick(1000,75,100,20,4)
skyarea(1040,75,100,20,75,100,20,0,0,20,1)
skyarea(1080,25,100,20,25,100,20,0,0,20,2)
skyarea(1120,75,100,20,75,100,20,0,0,20,3)
skyarea(1160,25,100,20,25,100,20,0,0,20,4)
flick(1160,25,100,20,16)
flick(1160,75,100,20,4)
skyarea(1200,75,100,20,75,100,20,0,0,20,5)
skyarea(1240,25,100,20,25,100,20,0,0,20,6)
skyarea(1280,75,100,20,75,100,20,0,0,20,7)
skyarea(1320,25,100,20,25,100,20,0,0,20,8)
flick(1320,25,100,20,16)
flick(1320,75,100,20,4)
skyarea(1360,75,100,20,75,100,20,0,0,20,9)
skyarea(1400,25,100,20,25,100,20,0,0,20,10)
skyarea(1440,75,100,20,75,100,20,0,0,20,11)
skyarea(1480,25,100,20,25,100,20,0,0,20,12)
flick(1480,25,100,20,16)
flick(1480,75,100,20,4)
skyarea(1520,75,100,20,75,100,20,0,0,20,13)
skyarea(1560,25,100,20,25,100,20,0,0,20,14)
skyarea(1600,75,100,20,75,100,20,0,0,20,15)
skyarea(1640,25,100,20,25,100,20,0,0,20,16)
flick(1640,25,100,20,16)
flick(1640,75,100,20,4)
skyarea(1680,75,100,20,75,100,20,0,0,20,17)
skyarea(1720,25,100,20,25,100,20,0,0,20,18)
skyarea(1760,75,100,20,75,100,20,0,0,20,19)
skyarea(1800,25,100,20,25,100,20,0,0,20,20)
flick(1800,25,100,20,16)
flick(1800,75,100,20,4)
skyarea(1840,75,100,20,75,100,20,0,0,20,21)
skyarea(1880,25,100,20,25,100,20,0,0,20,22)
skyarea(1920,75,100,20,75,100,20,0,0,20,23)
skyarea(1960,25,100,20,25,100,20,0,0,20,24)
flick(1960,25,100,20,16)
flick(1960,75,100,20,4)
skyarea(2000,75,100,20,75,100,20,0,0,20,25)
skyarea(2040,25,100,20,25,100,20,0,0,20,26)
skyarea(2080,75,100,20,75,100,20,0,0,20,27)
skyarea(2120,25,100,20,25,100,20,0,0,20,28)
flick(2120,25,100,20,16)
flick(2120,75,100,20,4)
skyarea(2160,75,100,20,75,100,20,0,0,20,29)
skyarea(2200,25,100,20,25,100,20,0,0,20,30)
skyarea(2240,75,100,20,75,100,20,0,0,20,31)
skyarea(2280,25,100,20,25,100,20,0,0,20,32)
flick(2280,25,100,20,16)
flick(2280,75,100,20,4)
skyarea(2320,75,100,20,75,100,20,0,0,20,33)
skyarea(2360,25,100,20,25,100,20,0,0,20,34)
skyarea(2400,75,100,20,75,100,20,0,0,20,35)
skyarea(2440,25,100,20,25,100,20,0,0,20,36)
flick(2440,25,100,20,16)
flick(2440,75,100,20,4)
skyarea(2480,75,100,20,75,100,20,0,0,20,37)
skyarea(2520,25,100,20,25,100,20,0,0,20,38)
skyarea(2560,75,100,20,75,100,20,0,0,20,39)
skyarea(2600,25,100,20,25,100,20,0,0,20,40)
flick(2600,25,100,20,16)
flick(2600,75,100,20,4)
skyarea(2640,75,100,20,75,100,20,0,0,20,41)
skyarea(2680,25,100,20,25,100,20,0,0,20,42)
skyarea(2720,75,100,20,75,100,20,0,0,20,43)
skyarea(2760,25,100,20,25,100,20,0,0,20,44)
flick(2760,25,100,20,16)
flick(2760,75,100,20,4)
skyarea(2800,75,100,20,75,100,20,0,0,20,45)
skyarea(2840,25,100,20,25,100,20,0,0,20,46)
skyarea(2880,75,100,20,75,100,20,0,0,20,47)
skyarea(2920,25,100,20,25,100,20,0,0,20,48)
flick(2920,25,100,20,16)
flick(2920,75,100,20,4)
skyarea(2960,75,100,20,75,100,20,0,0,20,49)
skyarea(3000,25,100,20,25,100,20,0,0,20,50)
skyarea(3040,75,100,20,75,100,20,0,0,20,51)
skyarea(3080,25,100,20,25,100,20,0,0,20,52)
flick(3080,25,100,20,16)
flick(3080,75,100,20,4)
skyarea(3120,75,100,20,75,100,20,0,0,20,53)
skyarea(3160,25,100,20,25,100,20,0,0,20,54)
skyarea(3200,75,100,20,75,100,20,0,0,20,55)
skyarea(3240,25,100,20,25,100,20,0,0,20,56)
flick(3240,25,100,20,16)
flick(3240,75,100,20,4)
skyarea(3280,75,100,20,75,100,20,0,0,20,57)
skyarea(3320,25,100,20,25,100,20,0,0,20,58)
skyarea(3360,75,100,20,75,100,20,0,0,20,59)
skyarea(3400,25,100,20,25,100,20,0,0,20,60)
flick(3400,25,100,20,16)
flick(3400,75,100,20,4)
skyarea(3440,75,100,20,75,100,20,0,0,20,61)
skyarea(3480,25,100,20,25,100,20,0,0,20,62)
skyarea(3520,75,100,20,75,100,20,0,0,20,63)
skyarea(3560,25,100,20,25,100,20,0,0,20,64)
flick(3560,25,100,20,16)
flick(3560,75,100,20,4)
skyarea(3600,75,100,20,75,100,20,0,0,20,65)
skyarea(3640,25,100,20,25,100,20,0,0,20,66)
skyarea(3680,75,100,20,75,100,20,0,0,20,67)
skyarea(3720,25,100,20,25,100,20,0,0,20,68)
flick(3720,25,100,20,16)
flick(3720,75,100,20,4)
skyarea(3760,75,100,20,75,100,20,0,0,20,69)
skyarea(3800,25,100,20,25,100,20,0,0,20,70)
skyarea(3840,75,100,20,75,100,20,0,0,20,71)
skyarea(3880,25,100,20,25,100,20,0,0,20,72)
flick(3880,25,100,20,16)
flick(3880,75,100,20,4)
skyarea(3920,75,100,20,75,100,20,0,0,20,73)
skyarea(3960,25,100,20,25,100,20,0,0,20,74)
skyarea(4000,75,100,20,75,100,20,0,0,20,75)
skyarea(4040,25,100,20,25,100,20,0,0,20,76)
flick(4040,25,100,20,16)
flick(4040,75,100,20,4)
skyarea(4080,75,100,20,75,100,20,0,0,20,77)
skyarea(4120,25,100,20,25,100,20,0,0,20,78)
skyarea(4160,75,100,20,75,100,20,0,0,20,79)
skyarea(4200,25,100,20,25,100,20,0,0,20,80)
flick(4200,25,100,20,16)
flick(4200,75,100,20,4)
skyarea(4240,75,100,20,75,100,20,0,0,20,81)
skyarea(4280,25,100,20,25,100,20,0,0,20,82)
skyarea(4320,75,100,20,75,100,20,0,0,20,83)
skyarea(4360,25,100,20,25,100,20,0,0,20,84)
flick(4360,25,100,20,16)
flick(4360,75,100,20,4)
skyarea(4400,75,100,20,75,100,20,0,0,20,85)
skyarea(4440,25,100,20,25,100,20,0,0,20,86)
skyarea(4480,75,100,20,75,100,20,0,0,20,87)
skyarea(4520,25,100,20,25,100,20,0,0,20,88)
flick(4520,25,100,20,16)
flick(4520,75,100,20,4)
skyarea(4560,75,100,20,75,100,20,0,0,20,89)
skyarea(4600,25,100,20,25,100,20,0,0,20,90)
skyarea(4640,75,100,20,75,100,20,0,0,20,91)
skyarea(4680,25,100,20,25,100,20,0,0,20,92)
flick(4680,25,100,20,16)
flick(4680,75,100,20,4)
skyarea(4720,75,100,20,75,100,20,0,0,20,93)
skyarea(4760,25,100,20,25,100,20,0,0,20,94)
skyarea(4800,75,100,20,75,100,20,0,0,20,95)
skyarea(4840,25,100,20,25,100,20,0,0,20,96)
flick(4840,25,100,20,16)
flick(4840,75,100,20,4)
skyarea(4880,75,100,20,75,100,20,0,0,20,97)
skyarea(4920,25,100,20,25,100,20,0,0,20,98)
skyarea(4960,75,100,20,75,100,20,0,0,20,99)
skyarea(5000,25,100,20,25,100,20,0,0,20,100)
flick(5000,25,100,20,16)
flick(5000,75,100,20,4)
skyarea(5040,75,100,20,75,100,20,0,0,20,101)
skyarea(5080,25,100,20,25,100,20,0,0,20,102)
skyarea(5120,75,100,20,75,100,20,0,0,20,103)
skyarea(5160,25,100,20,25,100,20,0,0,20,104)
flick(5160,25,100,20,16)
flick(5160,75,100,20,4)
skyarea(5200,75,100,20,75,100,20,0,0,20,105)
skyarea(5240,25,100,20,25,100,20,0,0,20,106)
skyarea(5280,75,100,20,75,100,20,0,0,20,107)
skyarea(5320,25,100,20,25,100,20,0,0,20,108)
flick(5320,25,100,20,16)
flick(5320,75,100,20,4)
skyarea(5360,75,100,20,75,100,20,0,0,20,109)
skyarea(5400,25,100,20,25,100,20,0,0,20,110)
skyarea(5440,75,100,20,75,100,20,0,0,20,111)
skyarea(5480,25,100,20,25,100,20,0,0,20,112)
flick(5480,25,100,20,16)
flick(5480,75,100,20,4)
skyarea(5520,75,100,20,75,100,20,0,0,20,113)
skyarea(5560,25,100,20,25,100,20,0,0,20,114)
skyarea(5600,75,100,20,75,100,20,0,0,20,115)
skyarea(5640,25,100,20,25,100,20,0,0,20,116)
flick(5640,25,100,20,16)
flick(5640,75,100,20,4)
skyarea(5680,75,100,20,75,100,20,0,0,20,117)
skyarea(5720,25,100,20,25,100,20,0,0,20,118)
skyarea(5760,75,100,20,75,100,20,0,0,20,119)
skyarea(5800,25,100,20,25,100,20,0,0,20,120)
flick(5800,25,100,20,16)
flick(5800,75,100,20,4)
skyarea(5840,75,100,20,75,100,20,0,0,20,121)
skyarea(5880,25,100,20,25,100,20,0,0,20,122)
skyarea(5920,75,100,20,75,100,20,0,0,20,123)
skyarea(5960,25,100,20,25,100,20,0,0,20,124)
flick(5960,25,100,20,16)
flick(5960,75,100,20,4)
skyarea(6000,75,100,20,75,100,20,0,0,20,125)
skyarea(6040,25,100,20,25,100,20,0,0,20,126)
skyarea(6080,75,100,20,75,100,20,0,0,20,127)
skyarea(6120,25,100,20,25,100,20,0,0,20,128)
flick(6120,25,100,20,16)
flick(6120,75,100,20,4)
skyarea(6160,75,100,20,75,100,20,0,0,20,129)
skyarea(6200,25,100,20,25,100,20,0,0,20,130)
skyarea(6240,75,100,20,75,100,20,0,0,20,131)
skyarea(6280,25,100,20,25,100,20,0,0,20,132)
flick(6280,25,100,20,16)
flick(6280,75,100,20,4)
skyarea(6320,75,100,20,75,100,20,0,0,20,133)
skyarea(6360,25,100,20,25,100,20,0,0,20,134)
skyarea(6400,75,100,20,75,100,20,0,0,20,135)
skyarea(6440,25,100,20,25,100,20,0,0,20,136)
flick(6440,25,100,20,16)
flick(6440,75,100,20,4)
skyarea(6480,75,100,20,75,100,20,0,0,20,137)
skyarea(6520,25,100,20,25,100,20,0,0,20,138)
skyarea(6560,75,100,20,75,100,20,0,0,20,139)
skyarea(6600,25,100,20,25,100,20,0,0,20,140)
flick(6600,25,100,20,16)
flick(6600,75,100,20,4)
skyarea(6640,75,100,20,75,100,20,0,0,20,141)
skyarea(6680,25,100,20,25,100,20,0,0,20,142)
skyarea(6720,75,100,20,75,100,20,0,0,20,143)
skyarea(6760,25,100,20,25,100,20,0,0,20,144)
flick(6760,25,100,20,16)
flick(6760,75,100,20,4)
skyarea(6800,75,100,20,75,100,20,0,0,20,145)
skyarea(6840,25,100,20,25,100,20,0,0,20,146)
skyarea(6880,75,100,20,75,100,20,0,0,20,147)
skyarea(6920,25,100,20,25,100,20,0,0,20,148)
flick(6920,25,100,20,16)
flick(6920,75,100,20,4)
skyarea(6960,75,100,20,75,100,20,0,0,20,149)
skyarea(7000,25,100,20,25,100,20,0,0,20,150)
skyarea(7040,75,100,20,75,100,20,0,0,20,151)
skyarea(7080,25,100,20,25,100,20,0,0,20,152)
flick(7080,25,100,20,16)
flick(7080,75,100,20,4)
skyarea(7120,75,100,20,75,100,20,0,0,20,153)
skyarea(7160,25,100,20,25,100,20,0,0,20,154)
skyarea(7200,75,100,20,75,100,20,0,0,20,155)
skyarea(7240,25,100,20,25,100,20,0,0,20,156)
flick(7240,25,100,20,16)
flick(7240,75,100,20,4)
skyarea(7280,75,100,20,75,100,20,0,0,20,157)
skyarea(7320,25,100,20,25,100,20,0,0,20,158)
skyarea(7360,75,100,20,75,100,20,0,0,20,159)
skyarea(7400,25,100,20,25,100,20,0,0,20,160)
flick(7400,25,100,20,16)
flick(7400,75,100,20,4)
skyarea(7440,75,100,20,75,100,20,0,0,20,161)
skyarea(7480,25,100,20,25,100,20,0,0,20,162)
skyarea(7520,75,100,20,75,100,20,0,0,20,163)
skyarea(7560,25,100,20,25,100,20,0,0,20,164)
flick(7560,25,100,20,16)
flick(7560,75,100,20,4)
skyarea(7600,75,100,20,75,100,20,0,0,20,165)
skyarea(7640,25,100,20,25,100,20,0,0,20,166)
skyarea(7680,75,100,20,75,100,20,0,0,20,167)
skyarea(7720,25,100,20,25,100,20,0,0,20,168)
flick(7720,25,100,20,16)
flick(7720,75,100,20,4)
skyarea(7760,75,100,20,75,100,20,0,0,20,169)
skyarea(7800,25,100,20,25,100,20,0,0,20,170)
skyarea(7840,75,100,20,75,100,20,0,0,20,171)
skyarea(7880,25,100,20,25,100,20,0,0,20,172)
flick(7880,25,100,20,16)
flick(7880,75,100,20,4)
skyarea(7920,75,100,20,75,100,20,0,0,20,173)
skyarea(7960,25,100,20,25,100,20,0,0,20,174)
skyarea(8000,75,100,20,75,100,20,0,0,20,175)
skyarea(8040,25,100,20,25,100,20,0,0,20,176)
flick(8040,25,100,20,16)
flick(8040,75,100,20,4)
skyarea(8080,75,100,20,75,100,20,0,0,20,177)
skyarea(8120,25,100,20,25,100,20,0,0,20,178)
skyarea(8160,75,100,20,75,100,20,0,0,20,179)
skyarea(8200,25,100,20,25,100,20,0,0,20,180)
flick(8200,25,100,20,16)
flick(8200,75,100,20,4)
skyarea(8240,75,100,20,75,100,20,0,0,20,181)
skyarea(8280,25,100,20,25,100,20,0,0,20,182)
skyarea(8320,75,100,20,75,100,20,0,0,20,183)
skyarea(8360,25,100,20,25,100,20,0,0,20,184)
flick(8360,25,100,20,16)
flick(8360,75,100,20,4)
skyarea(8400,75,100,20,75,100,20,0,0,20,185)
skyarea(8440,25,100,20,25,100,20,0,0,20,186)
skyarea(8480,75,100,20,75,100,20,0,0,20,187)
skyarea(8520,25,100,20,25,100,20,0,0,20,188)
flick(8520,25,100,20,16)
flick(8520,75,100,20,4)
skyarea(8560,75,100,20,75,100,20,0,0,20,189)
skyarea(8600,25,100,20,25,100,20,0,0,20,190)
skyarea(8640,75,100,20,75,100,20,0,0,20,191)
skyarea(8680,25,100,20,25,100,20,0,0,20,192)
flick(8680,25,100,20,16)
flick(8680,75,100,20,4)
skyarea(8720,75,100,20,75,100,20,0,0,20,193)
skyarea(8760,25,100,20,25,100,20,0,0,20,194)
skyarea(8800,75,100,20,75,100,20,0,0,20,195)
skyarea(8840,25,100,20,25,100,20,0,0,20,196)
flick(8840,25,100,20,16)
flick(8840,75,100,20,4)
skyarea(8880,75,100,20,75,100,20,0,0,20,197)
skyarea(8920,25,100,20,25,100,20,0,0,20,198)
skyarea(8960,75,100,20,75,100,20,0,0,20,199)
skyarea(9000,25,100,20,25,100,20,0,0,20,200)
flick(9000,25,100,20,16)
flick(9000,75,100,20,4)
skyarea(9040,75,100,20,75,100,20,0,0,20,201)
skyarea(9080,25,100,20,25,100,20,0,0,20,202)
skyarea(9120,75,100,20,75,100,20,0,0,20,203)
skyarea(9160,25,100,20,25,100,20,0,0,20,204)
flick(9160,25,100,20,16)
flick(9160,75,100,20,4)
skyarea(9200,75,100,20,75,100,20,0,0,20,205)
skyarea(9240,25,100,20,25,100,20,0,0,20,206)
skyarea(9280,75,100,20,75,100,20,0,0,20,207)
skyarea(9320,25,100,20,25,100,20,0,0,20,208)
flick(9320,25,100,20,16)
flick(9320,75,100,20,4)
skyarea(9360,75,100,20,75,100,20,0,0,20,209)
skyarea(9400,25,100,20,25,100,20,0,0,20,210)
skyarea(9440,75,100,20,75,100,20,0,0,20,211)
skyarea(9480,25,100,20,25,100,20,0,0,20,212)
flick(9480,25,100,20,16)
flick(9480,75,100,20,4)
skyarea(9520,75,100,20,75,100,20,0,0,20,213)
skyarea(9560,25,100,20,25,100,20,0,0,20,214)
skyarea(9600,75,100,20,75,100,20,0,0,20,215)
skyarea(9640,25,100,20,25,100,20,0,0,20,216)
flick(9640,25,100,20,16)
flick(9640,75,100,20,4)
skyarea(9680,75,100,20,75,100,20,0,0,20,217)
skyarea(9720,25,100,20,25,100,20,0,0,20,218)
skyarea(9760,75,100,20,75,100,20,0,0,20,219)
hold(1000,1,1,9000)
