chart(174.0,4.0)
skyarea(690,4,12,8,4,12,8,1,1,43,0)
skyarea(776,8,12,8,8,12,8,1,1,43,1)
skyarea(862,6,12,12,6,12,4,1,1,517,2)
skyarea(1379,6,12,4,6,12,4,2,2,22,2)
skyarea(1422,4,12,8,4,12,8,2,2,22,3)
skyarea(1466,2,12,4,2,12,4,0,0,21,4)
skyarea(1509,4,12,8,4,12,8,0,0,21,5)
skyarea(1552,6,12,4,6,12,4,2,2,21,6)
skyarea(1595,8,12,8,8,12,8,0,0,21,7)
skyarea(1638,10,12,4,10,12,4,0,0,21,8)
skyarea(1681,8,12,8,8,12,8,2,2,22,9)
skyarea(1724,6,12,4,6,12,12,2,2,1035,10)
hold(2759,1,4,172)
tap(3103,1,4)
tap(3276,1,3)
skyarea(3448,9,18,2,9,18,6,2,2,43,14)
skyarea(3491,9,18,6,9,18,2,1,1,43,14)
tap(3793,1,1)
tap(3966,1,2)
skyarea(4138,13,18,2,13,18,6,2,2,43,17)
skyarea(4181,13,18,6,13,18,2,1,1,44,17)
tap(4483,1,4)
tap(4655,1,3)
tap(4741,1,2)
tap(4828,1,3)
skyarea(4828,5,18,2,5,18,6,2,2,43,22)
skyarea(4871,5,18,6,5,18,2,1,1,44,22)
tap(5000,1,1)
tap(5172,1,2)
tap(5345,1,3)
tap(5517,1,4)
skyarea(5517,9,18,2,9,18,6,2,2,43,27)
skyarea(5560,9,18,6,9,18,2,1,1,43,27)
tap(5862,1,1)
tap(6035,1,2)
skyarea(6207,5,18,2,5,18,6,2,2,43,30)
skyarea(6250,5,18,6,5,18,2,1,1,44,30)
tap(6552,1,4)
tap(6725,1,3)
skyarea(6897,13,18,2,13,18,6,2,2,43,33)
skyarea(6940,13,18,6,13,18,2,1,1,44,33)
tap(7414,1,2)
tap(7500,1,3)
skyarea(7586,9,18,2,9,18,6,2,2,43,36)
skyarea(7629,9,18,6,9,18,2,1,1,43,36)
tap(7587,1,2)
tap(7759,1,4)
tap(7931,1,3)
tap(8103,1,2)
tap(8276,1,1)
tap(8276,1,0)
flick(8276,3,12,6,16)
tap(8448,1,2)
tap(8621,1,3)
tap(8793,1,2)
tap(8966,1,1)
tap(8966,1,5)
flick(8966,8,12,8,4)
tap(9310,1,1)
tap(9483,1,2)
tap(9483,1,5)
flick(9483,9,12,6,4)
tap(9655,1,3)
tap(9828,1,2)
tap(10000,1,5)
tap(10000,1,1)
flick(10000,8,12,8,4)
tap(10345,1,5)
hold(10345,1,1,345)
flick(10345,8,12,8,4)
hold(11034,0,1,2069)
hold(11034,5,1,2069)
hold(11379,3,2,345)
tap(11724,1,2)
flick(11724,8,12,4,16)
hold(12069,1,2,172)
tap(12241,1,3)
flick(12241,4,12,4,4)
hold(12586,3,2,173)
tap(12759,1,2)
flick(12759,8,12,4,16)
hold(12931,1,2,172)
tap(13103,1,3)
flick(13103,4,12,4,4)
flick(13448,8,12,2,16)
flick(13534,6,12,2,16)
flick(13621,4,12,2,16)
tap(13793,1,5)
tap(13793,1,4)
flick(13793,9,12,6,4)
tap(13965,1,3)
tap(14138,1,2)
tap(14310,1,3)
tap(14483,1,0)
tap(14483,1,4)
flick(14483,4,12,8,16)
tap(14827,1,4)
tap(15000,1,0)
tap(15000,1,3)
flick(15000,3,12,6,16)
tap(15172,1,2)
tap(15345,1,3)
tap(15517,1,4)
tap(15517,1,0)
flick(15517,4,12,8,16)
tap(15862,1,0)
hold(15862,4,1,345)
flick(15862,4,12,8,16)
hold(16552,0,1,1207)
hold(16552,5,1,1207)
hold(16897,1,2,344)
tap(17241,1,3)
flick(17241,4,12,4,4)
hold(17586,3,2,173)
tap(17759,1,2)
flick(17759,8,12,4,16)
hold(17931,1,1,1724)
hold(17931,4,1,1724)
skyarea(17931,6,12,12,11,12,2,1,1,689,110)
skyarea(18620,11,12,2,6,12,2,2,2,345,110)
skyarea(18965,6,12,2,1,12,2,1,1,345,110)
skyarea(19310,1,12,2,6,12,2,2,2,345,110)
skyarea(19655,6,12,2,11,12,2,1,1,345,110)
flick(20000,6,12,12,16)
flick(20043,6,12,12,4)
flick(20086,6,12,12,16)
flick(20129,6,12,12,4)
flick(20172,6,12,12,16)
flick(20216,6,12,12,4)
flick(20259,6,12,12,16)
flick(20302,6,12,12,4)
flick(20345,6,12,12,16)
tap(20690,1,0)
hold(20690,1,1,172)
hold(20862,2,1,172)
hold(21034,3,1,173)
hold(21207,2,1,172)
tap(21379,1,5)
hold(21379,1,1,173)
skyarea(21379,13,18,2,13,18,6,2,2,43,127)
skyarea(21422,13,18,6,13,18,2,1,1,44,127)
hold(21724,1,1,172)
hold(21896,2,1,172)
tap(22069,1,0)
hold(22069,3,1,172)
hold(22241,2,1,172)
hold(22413,1,1,173)
skyarea(22414,5,18,2,5,18,6,2,2,43,134)
skyarea(22457,5,18,6,5,18,2,1,1,44,134)
hold(22759,5,1,689)
flick(22759,5,12,10,4)
flick(22802,7,12,10,4)
flick(22845,7,12,10,16)
flick(22888,5,12,10,16)
flick(22931,5,12,10,4)
flick(22974,7,12,10,4)
flick(23017,7,12,10,16)
flick(23060,5,12,10,16)
flick(23103,9,18,18,4)
tap(23448,1,0)
hold(23448,1,1,173)
hold(23621,2,1,172)
hold(23793,3,1,173)
hold(23966,2,1,172)
tap(24138,1,5)
hold(24138,1,1,172)
skyarea(24138,9,18,2,9,18,6,2,2,43,152)
skyarea(24181,9,18,6,9,18,2,1,1,43,152)
tap(24483,1,3)
tap(24655,1,2)
hold(24828,3,1,689)
hold(24828,1,1,689)
skyarea(25057,5,18,2,5,18,6,2,2,43,157)
skyarea(25100,5,18,6,5,18,2,1,1,44,157)
skyarea(25287,13,18,2,13,18,6,2,2,43,158)
skyarea(25330,13,18,6,13,18,2,1,1,44,158)
tap(25517,1,2)
skyarea(25517,1,24,2,1,24,2,2,1,173,160)
skyarea(25690,1,24,2,23,24,2,2,1,172,160)
skyarea(25862,23,24,2,23,24,2,2,2,172,160)
tap(26207,1,5)
hold(26207,4,1,172)
hold(26379,3,1,172)
hold(26551,2,1,173)
hold(26724,3,1,172)
tap(26896,1,0)
hold(26896,4,1,173)
skyarea(26896,5,18,2,5,18,6,2,2,43,168)
skyarea(26939,5,18,6,5,18,2,1,1,44,168)
hold(27241,4,1,172)
hold(27413,3,1,172)
tap(27586,1,5)
hold(27586,2,1,172)
hold(27758,3,1,172)
hold(27930,4,1,173)
skyarea(27931,13,18,2,13,18,6,2,2,43,175)
skyarea(27974,13,18,6,13,18,2,1,1,44,175)
hold(28276,0,1,689)
flick(28276,7,12,10,16)
flick(28319,5,12,10,16)
flick(28362,5,12,10,4)
flick(28405,7,12,10,4)
flick(28448,7,12,10,16)
flick(28491,5,12,10,16)
flick(28534,5,12,10,4)
flick(28577,7,12,10,4)
flick(28620,9,18,18,16)
tap(28965,1,5)
hold(28965,4,1,173)
hold(29138,3,1,172)
hold(29310,2,1,173)
hold(29483,3,1,172)
tap(29655,1,0)
hold(29655,4,1,172)
skyarea(29655,9,18,2,9,18,6,2,2,43,193)
skyarea(29698,9,18,6,9,18,2,1,1,43,193)
tap(30000,1,2)
tap(30172,1,3)
hold(30345,4,1,689)
hold(30345,2,1,689)
skyarea(30517,13,18,2,13,18,6,2,2,43,198)
skyarea(30560,13,18,6,13,18,2,1,1,44,198)
skyarea(30690,5,18,2,5,18,6,2,2,43,199)
skyarea(30733,5,18,6,5,18,2,1,1,44,199)
tap(31034,1,3)
skyarea(31034,23,24,2,23,24,2,1,2,173,201)
skyarea(31207,23,24,2,1,24,2,1,2,172,201)
skyarea(31379,1,24,2,1,24,2,2,2,172,201)
tap(31724,1,4)
hold(31724,5,1,2759)
tap(32069,1,1)
skyarea(32069,4,20,2,4,20,8,2,2,43,205)
skyarea(32112,4,20,8,4,20,2,1,1,35,205)
tap(32155,1,2)
skyarea(32155,8,20,2,8,20,8,2,2,43,207)
skyarea(32198,8,20,8,8,20,2,1,1,34,207)
tap(32241,1,1)
skyarea(32241,12,20,2,12,20,8,2,2,43,209)
skyarea(32284,12,20,8,12,20,2,1,1,34,209)
tap(32328,1,2)
skyarea(32328,16,20,2,16,20,8,2,2,43,211)
skyarea(32371,16,20,8,16,20,2,1,1,35,211)
tap(32414,4,1)
tap(32759,1,2)
skyarea(32759,4,20,2,4,20,8,2,2,43,214)
skyarea(32802,4,20,8,4,20,2,1,1,35,214)
tap(32845,1,3)
skyarea(32845,8,20,2,8,20,8,2,2,43,216)
skyarea(32888,8,20,8,8,20,2,1,1,34,216)
tap(32931,1,2)
skyarea(32931,12,20,2,12,20,8,2,2,43,218)
skyarea(32974,12,20,8,12,20,2,1,1,34,218)
tap(33017,1,3)
skyarea(33018,16,20,2,16,20,8,2,2,43,220)
skyarea(33061,16,20,8,16,20,2,1,1,35,220)
tap(33103,2,1)
tap(33448,1,3)
skyarea(33448,4,20,2,4,20,8,2,2,43,223)
skyarea(33491,4,20,8,4,20,2,1,1,35,223)
tap(33534,1,4)
skyarea(33534,8,20,2,8,20,8,2,2,43,225)
skyarea(33577,8,20,8,8,20,2,1,1,34,225)
skyarea(33620,12,20,2,12,20,8,2,2,43,226)
skyarea(33663,12,20,8,12,20,2,1,1,34,226)
tap(33621,1,3)
tap(33707,1,4)
skyarea(33707,16,20,2,16,20,8,2,2,43,229)
skyarea(33750,16,20,8,16,20,2,1,1,35,229)
tap(33793,4,1)
tap(34138,1,2)
skyarea(34138,4,20,2,4,20,8,2,2,43,232)
skyarea(34181,4,20,8,4,20,2,1,1,35,232)
tap(34224,1,3)
skyarea(34224,8,20,2,8,20,8,2,2,43,234)
skyarea(34267,8,20,8,8,20,2,1,1,34,234)
tap(34310,1,2)
skyarea(34310,12,20,2,12,20,8,2,2,43,236)
skyarea(34353,12,20,8,12,20,2,1,1,34,236)
tap(34397,1,3)
skyarea(34397,16,20,2,16,20,8,2,2,43,238)
skyarea(34440,16,20,8,16,20,2,1,1,35,238)
hold(34483,0,1,2069)
hold(34655,2,1,1897)
hold(34828,1,1,1724)
tap(35172,1,3)
flick(35172,4,12,8,16)
tap(35517,1,4)
tap(35690,1,3)
tap(35862,1,4)
flick(35862,10,12,4,4)
tap(36034,1,3)
tap(36207,1,4)
flick(36207,4,12,8,16)
tap(36552,1,5)
skyarea(36552,23,24,2,23,24,2,1,2,173,252)
flick(36725,23,24,2,16)
flick(36746,21,24,6,16)
flick(36768,18,24,8,16)
flick(36790,15,24,10,16)
flick(36811,12,24,10,16)
flick(36833,9,24,10,16)
flick(36854,6,24,8,16)
flick(36876,3,24,6,16)
flick(36897,1,24,2,16)
skyarea(36897,1,24,2,1,24,2,2,2,173,262)
tap(37241,1,1)
hold(37241,0,1,2759)
tap(37586,1,4)
skyarea(37586,16,20,2,16,20,8,2,2,43,266)
skyarea(37629,16,20,8,16,20,2,1,1,35,266)
tap(37672,1,3)
skyarea(37672,12,20,2,12,20,8,2,2,43,268)
skyarea(37715,12,20,8,12,20,2,1,1,34,268)
skyarea(37758,8,20,2,8,20,8,2,2,43,269)
skyarea(37801,8,20,8,8,20,2,1,1,34,269)
tap(37759,1,4)
tap(37845,1,3)
skyarea(37845,4,20,2,4,20,8,2,2,43,272)
skyarea(37888,4,20,8,4,20,2,1,1,35,272)
tap(37931,4,1)
tap(38276,1,3)
skyarea(38276,16,20,2,16,20,8,2,2,43,275)
skyarea(38319,16,20,8,16,20,2,1,1,35,275)
tap(38362,1,2)
skyarea(38362,12,20,2,12,20,8,2,2,43,277)
skyarea(38405,12,20,8,12,20,2,1,1,34,277)
tap(38448,1,3)
skyarea(38448,8,20,2,8,20,8,2,2,43,279)
skyarea(38491,8,20,8,8,20,2,1,1,34,279)
tap(38534,1,2)
skyarea(38535,4,20,2,4,20,8,2,2,43,281)
skyarea(38578,4,20,8,4,20,2,1,1,35,281)
tap(38620,2,3)
tap(38966,1,2)
skyarea(38966,16,20,2,16,20,8,2,2,43,284)
skyarea(39009,16,20,8,16,20,2,1,1,35,284)
tap(39052,1,1)
skyarea(39052,12,20,2,12,20,8,2,2,43,286)
skyarea(39095,12,20,8,12,20,2,1,1,34,286)
tap(39138,1,2)
skyarea(39138,8,20,2,8,20,8,2,2,43,288)
skyarea(39181,8,20,8,8,20,2,1,1,34,288)
tap(39224,1,1)
skyarea(39225,4,20,2,4,20,8,2,2,43,290)
skyarea(39268,4,20,8,4,20,2,1,1,35,290)
tap(39310,4,1)
tap(39655,1,3)
skyarea(39655,16,20,2,16,20,8,2,2,43,293)
skyarea(39698,16,20,8,16,20,2,1,1,35,293)
tap(39741,1,2)
skyarea(39741,12,20,2,12,20,8,2,2,43,295)
skyarea(39784,12,20,8,12,20,2,1,1,34,295)
skyarea(39827,8,20,2,8,20,8,2,2,43,296)
skyarea(39870,8,20,8,8,20,2,1,1,34,296)
tap(39828,1,3)
tap(39914,1,2)
skyarea(39914,4,20,2,4,20,8,2,2,43,299)
skyarea(39957,4,20,8,4,20,2,1,1,35,299)
hold(40000,5,1,2069)
hold(40172,3,1,1897)
hold(40345,4,1,1724)
tap(40689,1,2)
flick(40689,8,12,8,4)
tap(41034,1,1)
tap(41207,1,2)
tap(41379,1,1)
flick(41379,2,12,4,16)
tap(41551,1,2)
tap(41724,1,1)
flick(41724,8,12,8,4)
tap(42069,1,0)
skyarea(42069,1,24,2,1,24,2,2,1,173,313)
flick(42242,1,24,2,4)
flick(42263,3,24,6,4)
flick(42285,6,24,8,4)
flick(42307,9,24,10,4)
flick(42328,12,24,10,4)
flick(42350,15,24,10,4)
flick(42371,18,24,8,4)
flick(42393,21,24,6,4)
flick(42414,23,24,2,4)
skyarea(42414,23,24,2,23,24,2,2,2,173,323)
hold(42759,3,1,1724)
hold(42759,2,1,1724)
skyarea(42759,6,12,12,1,12,2,1,1,689,326)
skyarea(43448,1,12,2,6,12,2,2,2,345,326)
skyarea(43793,6,12,2,11,12,2,1,1,345,326)
skyarea(44138,11,12,2,6,12,2,2,2,345,326)
skyarea(44483,6,12,2,1,12,2,1,1,345,326)
hold(44828,3,2,517)
hold(44828,1,2,517)
flick(44828,4,12,2,4)
flick(44828,9,12,6,4)
flick(44828,1,12,2,4)
tap(45517,2,1)
tap(45517,1,0)
flick(45517,3,12,4,16)
flick(45517,9,12,4,16)
tap(45776,2,2)
flick(45776,2,12,4,4)
skyarea(45776,2,12,4,6,12,4,1,1,86,338)
skyarea(45862,6,12,4,6,12,4,1,0,86,338)
skyarea(45948,6,12,4,10,12,4,2,2,86,338)
tap(46034,2,3)
flick(46034,10,12,4,4)
tap(46207,2,1)
tap(46207,1,0)
flick(46207,3,12,4,16)
flick(46207,9,12,4,16)
tap(46466,2,2)
flick(46466,2,12,4,4)
skyarea(46466,4,24,8,12,24,6,1,1,86,347)
skyarea(46552,12,24,6,12,24,6,1,1,86,347)
skyarea(46638,12,24,6,20,24,8,2,2,86,347)
tap(46724,2,3)
flick(46724,10,12,4,4)
tap(46897,1,0)
tap(46897,2,1)
flick(46897,9,12,4,16)
flick(46897,3,12,4,16)
tap(47155,2,2)
flick(47155,2,12,4,4)
skyarea(47155,4,24,8,12,24,4,1,1,86,356)
skyarea(47241,12,24,4,12,24,4,1,1,87,356)
skyarea(47328,12,24,4,20,24,8,2,2,86,356)
tap(47414,2,3)
flick(47414,10,12,4,4)
tap(47586,1,0)
tap(47586,2,1)
flick(47586,3,12,4,16)
flick(47586,9,12,4,16)
skyarea(47586,6,12,12,1,12,2,1,1,173,363)
skyarea(47759,1,12,2,11,12,2,2,1,172,363)
tap(48276,2,3)
tap(48276,1,5)
flick(48276,9,12,4,16)
flick(48276,3,12,4,16)
tap(48534,2,2)
flick(48535,2,12,4,4)
skyarea(48535,2,12,4,6,12,4,1,1,86,370)
skyarea(48621,6,12,4,6,12,4,1,0,86,370)
skyarea(48707,6,12,4,10,12,4,2,2,86,370)
tap(48793,2,1)
flick(48793,10,12,4,4)
tap(48966,1,5)
tap(48966,2,3)
flick(48966,3,12,4,16)
flick(48966,9,12,4,16)
tap(49224,2,2)
flick(49225,2,12,4,4)
skyarea(49225,4,24,8,12,24,6,1,1,86,379)
skyarea(49311,12,24,6,12,24,6,1,1,86,379)
skyarea(49397,12,24,6,20,24,8,2,2,86,379)
tap(49483,2,1)
flick(49483,10,12,4,4)
tap(49655,1,5)
tap(49655,2,3)
flick(49656,9,12,4,16)
flick(49656,3,12,4,16)
tap(49914,2,2)
flick(49914,2,12,4,4)
skyarea(49914,4,24,8,12,24,4,1,1,86,388)
skyarea(50000,12,24,4,12,24,4,1,1,87,388)
skyarea(50087,12,24,4,20,24,8,2,2,86,388)
tap(50172,2,1)
flick(50173,10,12,4,4)
tap(50345,1,5)
tap(50345,2,3)
flick(50345,6,12,12,16)
skyarea(50345,6,12,12,1,12,2,1,1,173,394)
skyarea(50518,6,12,12,11,12,2,0,0,42,394)
skyarea(50560,11,12,2,11,12,2,0,0,216,394)
skyarea(50776,6,12,12,1,12,2,0,0,43,394)
skyarea(50819,1,12,2,1,12,2,0,0,216,394)
flick(50517,1,12,2,4)
flick(50526,3,12,2,4)
flick(50534,5,12,2,4)
flick(50543,7,12,2,4)
flick(50551,9,12,2,4)
flick(50776,11,12,2,16)
flick(50785,9,12,2,16)
flick(50793,7,12,2,16)
flick(50802,5,12,2,16)
flick(50810,3,12,2,16)
tap(51034,1,0)
tap(51034,1,1)
flick(51034,9,12,4,4)
flick(51034,3,12,4,4)
tap(51293,1,2)
flick(51293,10,12,4,16)
skyarea(51293,10,12,4,6,12,4,1,1,86,411)
skyarea(51379,6,12,4,6,12,4,0,1,86,411)
skyarea(51465,6,12,4,2,12,4,2,2,86,411)
flick(51551,2,12,4,16)
tap(51552,1,3)
tap(51724,1,1)
tap(51724,1,0)
flick(51724,9,12,4,4)
flick(51724,3,12,4,4)
tap(51983,1,2)
flick(51983,10,12,4,16)
skyarea(51983,20,24,8,12,24,6,1,1,86,420)
skyarea(52069,12,24,6,12,24,6,1,1,86,420)
skyarea(52155,12,24,6,4,24,8,2,2,86,420)
tap(52241,1,4)
flick(52241,2,12,4,16)
tap(52414,1,0)
tap(52414,1,1)
flick(52414,3,12,4,4)
flick(52414,9,12,4,4)
tap(52672,1,3)
flick(52672,10,12,4,16)
skyarea(52672,20,24,8,12,24,4,1,1,86,429)
skyarea(52758,12,24,4,12,24,4,1,1,87,429)
skyarea(52845,12,24,4,4,24,8,2,2,86,429)
tap(52931,1,4)
flick(52931,2,12,4,16)
tap(53103,1,0)
tap(53103,1,1)
flick(53103,3,12,4,4)
flick(53103,9,12,4,4)
skyarea(53103,6,12,12,11,12,2,1,1,173,436)
skyarea(53276,11,12,2,1,12,2,1,2,172,436)
tap(53793,1,5)
tap(53793,1,4)
flick(53793,3,12,4,4)
flick(53793,9,12,4,4)
tap(54052,1,3)
flick(54052,10,12,4,16)
skyarea(54052,10,12,4,6,12,4,1,1,86,443)
skyarea(54138,6,12,4,6,12,4,0,1,86,443)
skyarea(54224,6,12,4,2,12,4,2,2,86,443)
flick(54310,2,12,4,16)
tap(54311,1,2)
tap(54483,1,5)
tap(54483,1,4)
flick(54483,3,12,4,4)
flick(54483,9,12,4,4)
tap(54742,1,3)
flick(54742,10,12,4,16)
skyarea(54742,20,24,8,12,24,6,1,1,86,452)
skyarea(54828,12,24,6,12,24,6,1,1,86,452)
skyarea(54914,12,24,6,4,24,8,2,2,86,452)
tap(55000,1,1)
flick(55000,2,12,4,16)
tap(55173,1,5)
tap(55173,1,4)
flick(55173,9,12,4,4)
flick(55173,3,12,4,4)
tap(55431,1,2)
flick(55431,10,12,4,16)
skyarea(55431,20,24,8,12,24,4,1,1,86,461)
skyarea(55517,12,24,4,12,24,4,1,1,87,461)
skyarea(55604,12,24,4,4,24,8,2,2,86,461)
tap(55690,1,1)
flick(55690,2,12,4,16)
tap(55862,1,4)
tap(55862,1,5)
flick(55862,6,12,12,4)
skyarea(55862,6,12,12,11,12,2,1,1,173,467)
skyarea(56035,6,12,12,1,12,2,0,0,42,467)
skyarea(56077,1,12,2,1,12,2,0,0,216,467)
skyarea(56293,6,12,12,11,12,2,0,0,43,467)
skyarea(56336,11,12,2,11,12,2,0,0,216,467)
flick(56034,11,12,2,16)
flick(56043,9,12,2,16)
flick(56051,7,12,2,16)
flick(56060,5,12,2,16)
flick(56068,3,12,2,16)
flick(56293,1,12,2,4)
flick(56302,3,12,2,4)
flick(56310,5,12,2,4)
flick(56319,7,12,2,4)
flick(56327,9,12,2,4)
hold(56552,0,1,258)
flick(56552,5,12,2,16)
flick(56552,10,12,4,16)
tap(56810,1,5)
skyarea(56810,6,12,12,10,12,4,1,2,87,482)
skyarea(56897,10,12,4,10,12,4,1,2,344,482)
tap(57069,2,2)
tap(57155,2,1)
hold(57241,0,1,259)
flick(57241,3,12,2,16)
flick(57241,6,8,4,16)
tap(57500,1,5)
skyarea(57500,12,24,24,21,24,6,1,2,86,489)
skyarea(57586,21,24,6,21,24,6,1,2,345,489)
tap(57758,2,2)
tap(57844,2,1)
hold(57931,0,1,259)
flick(57931,8,12,8,16)
flick(57931,1,12,2,16)
tap(58190,1,5)
skyarea(58190,12,24,24,22,24,4,1,2,86,496)
skyarea(58276,22,24,4,22,24,4,1,2,345,496)
tap(58448,2,2)
tap(58534,2,1)
hold(58621,1,4,517)
flick(58621,7,12,10,16)
flick(58621,1,24,2,16)
hold(59310,5,1,259)
flick(59310,7,12,2,4)
flick(59310,2,12,4,4)
skyarea(59568,6,12,12,2,12,4,2,1,87,505)
skyarea(59655,2,12,4,2,12,4,2,1,344,505)
tap(59569,1,0)
tap(59827,2,2)
tap(59913,2,3)
flick(59999,9,12,2,4)
flick(59999,2,8,4,4)
hold(60000,5,1,259)
skyarea(60258,12,24,24,3,24,6,2,1,86,512)
skyarea(60344,3,24,6,3,24,6,2,1,345,512)
tap(60259,1,0)
tap(60516,2,2)
tap(60602,2,3)
flick(60689,11,12,2,4)
flick(60689,4,12,8,4)
hold(60690,5,1,258)
tap(60948,1,0)
skyarea(60948,12,24,24,2,24,4,2,1,86,520)
skyarea(61034,2,24,4,2,24,4,2,1,345,520)
tap(61206,2,2)
tap(61292,2,3)
tap(61379,1,5)
flick(61379,5,12,10,4)
flick(61379,23,24,2,4)
tap(61552,2,1)
tap(61552,2,3)
tap(61810,1,4)
tap(61810,1,1)
hold(62069,0,1,259)
flick(62069,10,12,4,16)
flick(62069,5,12,2,16)
skyarea(62327,6,12,12,10,12,4,1,2,87,533)
skyarea(62414,10,12,4,10,12,4,1,2,344,533)
tap(62328,1,5)
tap(62586,1,1)
tap(62672,1,2)
flick(62758,3,12,2,16)
flick(62758,6,8,4,16)
hold(62759,0,1,258)
tap(63017,1,5)
skyarea(63017,12,24,24,21,24,6,1,2,86,541)
skyarea(63103,21,24,6,21,24,6,1,2,345,541)
tap(63276,1,1)
tap(63362,1,3)
hold(63448,0,1,259)
flick(63448,1,12,2,16)
flick(63448,8,12,8,16)
tap(63707,1,5)
skyarea(63707,12,24,24,22,24,4,1,2,86,548)
skyarea(63793,22,24,4,22,24,4,1,2,345,548)
tap(63966,1,1)
tap(64052,1,4)
hold(64138,1,4,517)
flick(64138,7,12,10,16)
flick(64138,1,24,2,16)
hold(64828,5,1,258)
flick(64828,7,12,2,4)
flick(64828,2,12,4,4)
tap(65086,1,0)
skyarea(65086,6,12,12,2,12,4,2,1,87,558)
skyarea(65173,2,12,4,2,12,4,2,1,344,558)
tap(65345,1,4)
tap(65431,1,3)
hold(65517,5,1,259)
flick(65517,2,8,4,4)
flick(65517,9,12,2,4)
tap(65776,1,0)
skyarea(65776,12,24,24,3,24,6,2,1,86,565)
skyarea(65862,3,24,6,3,24,6,2,1,345,565)
tap(66034,1,4)
tap(66121,1,2)
hold(66207,5,1,259)
flick(66207,11,12,2,4)
flick(66207,4,12,8,4)
tap(66466,1,0)
skyarea(66466,12,24,24,2,24,4,2,1,86,572)
skyarea(66552,2,24,4,2,24,4,2,1,345,572)
skyarea(66897,12,24,24,23,24,2,1,1,689,572)
skyarea(67586,23,24,2,1,24,2,1,2,2759,572)
skyarea(70345,1,24,2,23,24,2,2,1,2758,572)
skyarea(73103,23,24,2,1,24,2,1,2,2759,572)
skyarea(75862,1,24,2,23,24,2,2,1,2716,572)
hold(66897,3,2,689)
hold(66897,1,2,689)
tap(67586,1,0)
tap(67586,1,5)
tap(68103,1,2)
tap(68190,1,3)
tap(68276,1,2)
tap(68621,1,1)
tap(68793,1,2)
tap(69138,1,4)
tap(69310,1,3)
tap(69655,1,2)
tap(69828,1,1)
tap(70000,1,3)
tap(70172,1,4)
tap(70345,1,5)
tap(70345,1,0)
tap(70862,1,4)
tap(71034,1,3)
tap(71207,1,2)
tap(71379,1,1)
tap(71552,1,2)
tap(71552,1,3)
tap(72069,1,1)
tap(72069,1,2)
tap(72241,1,4)
tap(72241,1,3)
tap(72586,1,4)
tap(72759,1,3)
tap(72931,1,2)
tap(73103,1,0)
tap(73103,1,1)
tap(73793,1,5)
tap(73793,1,3)
tap(74310,1,4)
tap(74310,1,2)
tap(74828,1,1)
tap(74828,1,3)
tap(75172,1,2)
tap(75172,1,0)
tap(75345,1,1)
tap(75517,1,2)
tap(75690,1,3)
tap(75862,1,4)
tap(75862,1,5)
tap(76379,1,3)
tap(76466,1,2)
tap(76552,1,3)
tap(76724,1,1)
tap(76897,1,2)
tap(77069,1,3)
tap(77586,1,4)
hold(77931,2,2,172)
hold(78276,0,1,2758)
hold(78276,5,1,2758)
skyarea(78621,19,22,2,19,22,6,2,2,43,628)
skyarea(78664,19,22,6,19,22,2,1,1,35,628)
skyarea(78707,15,22,2,15,22,6,2,2,43,629)
skyarea(78750,15,22,6,15,22,2,1,1,35,629)
skyarea(78793,11,22,2,11,22,6,2,2,43,630)
skyarea(78836,11,22,6,11,22,2,1,1,35,630)
skyarea(78879,7,22,2,7,22,6,2,2,43,631)
skyarea(78922,7,22,6,7,22,2,1,1,35,631)
skyarea(78966,3,22,2,3,22,6,2,2,43,632)
skyarea(79009,3,22,6,3,22,2,1,1,34,632)
skyarea(79138,3,22,2,3,22,6,2,2,43,633)
skyarea(79181,3,22,6,3,22,2,1,1,35,633)
skyarea(79224,7,22,2,7,22,6,2,2,43,634)
skyarea(79267,7,22,6,7,22,2,1,1,35,634)
skyarea(79310,11,22,2,11,22,6,2,2,43,635)
skyarea(79353,11,22,6,11,22,2,1,1,35,635)
skyarea(79396,15,22,2,15,22,6,2,2,43,636)
skyarea(79439,15,22,6,15,22,2,1,1,35,636)
skyarea(79483,19,22,2,19,22,6,2,2,43,637)
skyarea(79526,19,22,6,19,22,2,1,1,34,637)
skyarea(79655,19,22,2,19,22,6,2,2,43,638)
skyarea(79698,19,22,6,19,22,2,1,1,35,638)
skyarea(79741,15,22,2,15,22,6,2,2,43,639)
skyarea(79784,15,22,6,15,22,2,1,1,35,639)
skyarea(79827,11,22,2,11,22,6,2,2,43,640)
skyarea(79870,11,22,6,11,22,2,1,1,35,640)
skyarea(79913,7,22,2,7,22,6,2,2,43,641)
skyarea(79956,7,22,6,7,22,2,1,1,35,641)
skyarea(80000,3,22,2,3,22,6,2,2,43,642)
skyarea(80043,3,22,6,3,22,2,1,1,34,642)
skyarea(80172,3,22,2,3,22,6,2,2,43,643)
skyarea(80215,3,22,6,3,22,2,1,1,35,643)
skyarea(80258,7,22,2,7,22,6,2,2,43,644)
skyarea(80301,7,22,6,7,22,2,1,1,35,644)
skyarea(80344,11,22,2,11,22,6,2,2,43,645)
skyarea(80387,11,22,6,11,22,2,1,1,35,645)
skyarea(80430,15,22,2,15,22,6,2,2,43,646)
skyarea(80473,15,22,6,15,22,2,1,1,35,646)
skyarea(80517,19,22,2,19,22,6,2,2,43,647)
skyarea(80560,19,22,6,19,22,2,1,1,34,647)
flick(80690,9,24,4,16)
flick(80776,15,24,4,4)
flick(80862,9,24,4,16)
flick(80948,15,24,4,4)
flick(81034,6,12,12,16)
tap(81379,1,1)
skyarea(81379,6,12,12,6,12,2,1,1,1380,654)
skyarea(82759,6,12,2,6,12,4,2,2,1379,654)
tap(81466,1,2)
tap(81552,1,3)
tap(81724,1,4)
tap(81810,1,3)
tap(81897,1,2)
tap(82069,1,1)
tap(82156,1,2)
tap(82242,1,3)
tap(82414,1,4)
tap(82500,1,3)
tap(82587,1,2)
tap(82759,1,5)
tap(83017,2,2)
tap(83276,1,0)
tap(83448,1,1)
tap(83621,1,4)
tap(83793,1,0)
tap(83966,1,5)
tap(84138,1,1)
flick(84138,8,12,8,4)
tap(84397,1,3)
flick(84397,9,12,6,4)
tap(84655,1,5)
flick(84655,10,12,4,4)
tap(85172,1,2)
tap(85345,1,3)
tap(85517,1,4)
flick(85517,4,12,8,16)
tap(85776,1,2)
flick(85776,3,12,6,16)
tap(86034,1,0)
flick(86034,2,12,4,16)
tap(86379,4,1)
tap(86724,1,2)
tap(86810,1,3)
tap(86897,1,5)
flick(86897,11,12,2,4)
tap(87586,1,0)
flick(87586,1,12,2,16)
tap(87845,2,1)
tap(88103,2,3)
tap(88276,4,1)
skyarea(88276,6,12,12,10,20,2,1,1,517,697)
skyarea(88793,10,20,2,10,20,2,0,0,21552,697)
skyarea(110345,10,20,2,6,12,12,2,2,689,697)
skyarea(111034,10,20,2,9,18,18,2,2,690,697)
skyarea(111724,10,20,2,9,18,18,2,2,690,697)
tap(89655,1,2)
tap(89655,1,1)
tap(89828,1,4)
tap(89914,1,3)
tap(90000,1,2)
tap(90172,1,1)
tap(90172,1,2)
tap(90345,1,4)
tap(90345,1,3)
tap(90517,1,2)
tap(90517,1,1)
tap(90690,1,4)
tap(90776,1,3)
tap(90862,1,2)
tap(90948,1,1)
tap(91034,1,4)
tap(91034,1,3)
tap(91207,1,1)
tap(91293,1,2)
tap(91379,1,3)
tap(91551,1,3)
tap(91551,1,4)
tap(91724,1,1)
tap(91724,1,2)
tap(91896,1,3)
tap(91896,1,4)
tap(92069,1,1)
tap(92155,1,2)
tap(92241,1,3)
tap(92327,1,4)
tap(92414,1,1)
tap(92414,1,2)
tap(92587,1,4)
tap(92673,1,3)
tap(92759,1,2)
tap(92931,1,2)
tap(92931,1,1)
tap(93104,1,3)
tap(93104,1,4)
tap(93276,1,1)
tap(93276,1,2)
tap(93449,1,4)
tap(93535,1,3)
tap(93621,1,2)
tap(93707,1,1)
tap(93793,1,4)
tap(93793,1,3)
tap(93966,1,1)
tap(94052,1,2)
tap(94138,1,3)
tap(94310,1,4)
tap(94310,1,3)
tap(94483,1,1)
tap(94483,1,2)
tap(94655,1,4)
tap(94655,1,3)
tap(94828,1,1)
tap(94914,1,2)
tap(95000,1,3)
tap(95086,1,4)
tap(95172,1,1)
tap(95172,1,0)
tap(95345,1,4)
tap(95431,1,3)
tap(95517,1,2)
tap(95690,1,1)
tap(95690,1,0)
tap(95862,1,4)
tap(95862,1,5)
tap(96034,1,1)
tap(96034,1,0)
tap(96207,1,4)
tap(96293,1,3)
tap(96379,1,2)
tap(96465,1,1)
tap(96552,1,4)
tap(96552,1,5)
tap(96724,1,1)
tap(96810,1,2)
tap(96896,1,3)
tap(97069,1,4)
tap(97069,1,5)
tap(97241,1,0)
tap(97241,1,1)
tap(97414,1,5)
tap(97414,1,4)
tap(97586,1,1)
tap(97672,1,2)
tap(97758,1,3)
tap(97844,1,4)
tap(97931,1,1)
tap(97931,1,0)
tap(98104,1,4)
tap(98190,1,3)
tap(98276,1,2)
tap(98449,1,0)
tap(98449,1,1)
tap(98621,1,4)
tap(98621,1,5)
tap(98793,1,0)
tap(98793,1,1)
tap(98966,1,4)
tap(99052,1,3)
tap(99138,1,2)
tap(99224,1,1)
tap(99311,1,5)
tap(99311,1,4)
tap(99483,1,1)
tap(99569,1,2)
tap(99655,1,3)
tap(99828,1,4)
tap(99828,1,5)
tap(100000,1,1)
tap(100000,1,0)
tap(100173,1,5)
tap(100173,1,4)
hold(100345,2,1,86)
hold(100517,3,1,86)
tap(100690,1,1)
tap(100776,1,2)
tap(100862,1,3)
tap(100948,1,4)
tap(101034,1,3)
tap(101121,1,2)
tap(101207,1,1)
tap(101293,1,2)
tap(101379,1,4)
tap(101466,1,3)
tap(101552,1,1)
tap(101638,1,2)
hold(101724,3,1,86)
hold(101897,2,1,86)
tap(102069,1,4)
tap(102155,1,3)
tap(102241,1,2)
tap(102327,1,1)
tap(102413,1,2)
tap(102500,1,3)
tap(102586,1,4)
tap(102672,1,3)
tap(102758,1,1)
tap(102845,1,2)
tap(102931,1,4)
tap(103017,1,3)
hold(103103,2,1,87)
hold(103276,3,1,86)
tap(103448,1,1)
tap(103534,1,2)
tap(103620,1,3)
tap(103706,1,4)
tap(103792,1,3)
tap(103879,1,2)
tap(103965,1,1)
tap(104051,1,2)
tap(104137,1,4)
tap(104224,1,3)
tap(104310,1,1)
tap(104396,1,2)
hold(104483,3,1,86)
hold(104655,2,1,86)
tap(104827,1,4)
tap(104913,1,3)
tap(104999,1,2)
tap(105085,1,1)
tap(105171,1,2)
tap(105258,1,3)
tap(105344,1,4)
tap(105430,1,3)
tap(105516,1,1)
tap(105603,1,2)
tap(105689,1,4)
tap(105775,1,3)
hold(105862,2,1,86)
hold(106034,3,1,87)
tap(106207,1,0)
tap(106293,1,2)
tap(106379,1,3)
tap(106465,1,4)
tap(106551,1,3)
tap(106638,1,2)
tap(106724,1,0)
tap(106810,1,1)
tap(106897,1,5)
tap(106983,1,4)
tap(107069,1,0)
tap(107155,1,1)
hold(107241,3,1,87)
hold(107414,2,1,86)
tap(107586,1,5)
tap(107672,1,3)
tap(107758,1,2)
tap(107844,1,1)
tap(107930,1,2)
tap(108017,1,3)
tap(108103,1,5)
tap(108190,1,4)
tap(108276,1,0)
tap(108362,1,1)
tap(108448,1,5)
tap(108534,1,4)
hold(108621,2,1,86)
hold(108793,3,1,86)
tap(108966,1,0)
tap(109052,1,1)
tap(109138,1,2)
tap(109224,1,3)
tap(109310,1,4)
tap(109397,1,5)
tap(109483,1,0)
tap(109569,1,1)
tap(109655,1,2)
tap(109741,1,3)
tap(109828,1,4)
tap(109914,1,5)
hold(110000,1,2,86)
hold(110172,3,2,87)
hold(111034,5,1,1725)
hold(111034,0,1,1725)
hold(111724,4,1,1035)
hold(111724,1,1,1035)
hold(112414,2,2,345)
flick(112414,9,18,18,4)
flick(112457,6,12,12,16)
flick(112500,6,12,12,4)
flick(112543,6,12,12,16)
flick(112586,6,12,12,4)
flick(112629,6,12,12,16)
flick(112672,6,12,12,4)
flick(112716,6,12,12,16)
flick(112759,6,12,12,4)
tap(113103,1,5)
hold(113103,4,1,172)
hold(113276,2,2,172)
hold(113448,1,1,173)
hold(113621,2,2,172)
tap(113792,1,0)
hold(113792,4,1,173)
skyarea(113792,5,18,2,5,18,6,2,2,43,935)
skyarea(113835,5,18,6,5,18,2,1,1,44,935)
hold(114137,4,1,172)
hold(114310,2,2,173)
tap(114483,1,5)
hold(114483,1,1,172)
hold(114655,2,2,173)
hold(114826,4,1,173)
skyarea(114827,13,18,2,13,18,6,2,2,43,942)
skyarea(114870,13,18,6,13,18,2,1,1,44,942)
hold(115172,0,1,689)
flick(115172,7,12,10,16)
flick(115216,5,12,10,16)
flick(115259,5,12,10,4)
flick(115302,7,12,10,4)
flick(115345,7,12,10,16)
flick(115388,5,12,10,16)
flick(115431,5,12,10,4)
flick(115474,7,12,10,4)
flick(115516,9,18,18,16)
tap(115861,1,5)
hold(115861,4,1,173)
hold(116034,2,2,173)
hold(116207,1,1,172)
hold(116379,2,2,173)
tap(116551,1,0)
hold(116551,4,1,172)
skyarea(116551,9,18,2,9,18,6,2,2,43,960)
skyarea(116594,9,18,6,9,18,2,1,1,43,960)
tap(116897,1,1)
tap(117069,1,4)
hold(117241,2,2,690)
skyarea(117470,13,18,2,13,18,6,2,2,43,964)
skyarea(117513,13,18,6,13,18,2,1,1,44,964)
skyarea(117700,5,18,2,5,18,6,2,2,43,965)
skyarea(117743,5,18,6,5,18,2,1,1,44,965)
tap(117931,1,4)
tap(117931,1,1)
skyarea(117931,23,24,2,23,24,2,2,1,172,968)
skyarea(118103,23,24,2,1,24,2,1,2,173,968)
skyarea(118276,1,22,2,1,22,2,1,1,172,968)
tap(118621,1,0)
hold(118621,1,1,172)
hold(118794,2,2,172)
hold(118966,4,1,173)
hold(119139,2,2,172)
tap(119310,1,5)
hold(119310,1,1,173)
skyarea(119310,13,18,2,13,18,6,2,2,43,976)
skyarea(119353,13,18,6,13,18,2,1,1,44,976)
hold(119655,1,1,172)
hold(119828,2,2,173)
tap(120001,1,0)
hold(120001,4,1,172)
hold(120173,2,2,173)
hold(120344,1,1,173)
skyarea(120345,5,18,2,5,18,6,2,2,43,983)
skyarea(120388,5,18,6,5,18,2,1,1,44,983)
hold(120690,5,1,689)
flick(120690,5,12,10,4)
flick(120734,7,12,10,4)
flick(120777,7,12,10,16)
flick(120820,5,12,10,16)
flick(120863,5,12,10,4)
flick(120906,7,12,10,4)
flick(120949,7,12,10,16)
flick(120992,5,12,10,16)
flick(121034,9,18,18,4)
tap(121379,1,0)
hold(121379,1,1,173)
hold(121552,2,2,173)
hold(121725,4,1,172)
hold(121897,2,2,173)
tap(122069,1,5)
hold(122069,1,1,172)
skyarea(122069,9,18,2,9,18,6,2,2,43,1001)
skyarea(122112,9,18,6,9,18,2,1,1,43,1001)
tap(122415,1,4)
tap(122587,1,1)
hold(122759,2,2,690)
skyarea(122931,5,18,2,5,18,6,2,2,43,1005)
skyarea(122974,5,18,6,5,18,2,1,1,44,1005)
skyarea(123103,13,18,2,13,18,6,2,2,43,1006)
skyarea(123146,13,18,6,13,18,2,1,1,44,1006)
skyarea(123448,1,24,2,1,24,2,1,2,173,1007)
skyarea(123621,1,24,2,23,24,2,2,1,172,1007)
skyarea(123793,21,22,2,21,22,2,1,1,173,1007)
tap(123449,1,1)
tap(123449,1,4)
tap(124138,1,2)
hold(124138,0,1,2759)
tap(124483,1,4)
skyarea(124483,16,20,2,16,20,8,2,2,43,1013)
skyarea(124526,16,20,8,16,20,2,1,1,35,1013)
tap(124569,1,3)
skyarea(124569,12,20,2,12,20,8,2,2,43,1015)
skyarea(124612,12,20,8,12,20,2,1,1,34,1015)
tap(124655,1,4)
skyarea(124655,8,20,2,8,20,8,2,2,43,1017)
skyarea(124698,8,20,8,8,20,2,1,1,34,1017)
tap(124741,1,3)
skyarea(124742,4,20,2,4,20,8,2,2,43,1019)
skyarea(124785,4,20,8,4,20,2,1,1,35,1019)
tap(124828,4,1)
tap(125172,2,2)
skyarea(125172,16,20,2,16,20,8,2,2,43,1022)
skyarea(125215,16,20,8,16,20,2,1,1,35,1022)
skyarea(125258,12,20,2,12,20,8,2,2,43,1023)
skyarea(125301,12,20,8,12,20,2,1,1,34,1023)
tap(125259,2,2)
skyarea(125344,8,20,2,8,20,8,2,2,43,1025)
skyarea(125387,8,20,8,8,20,2,1,1,34,1025)
tap(125345,2,2)
tap(125431,2,2)
skyarea(125431,4,20,2,4,20,8,2,2,43,1028)
skyarea(125474,4,20,8,4,20,2,1,1,35,1028)
tap(125517,2,3)
tap(125862,1,2)
skyarea(125862,16,20,2,16,20,8,2,2,43,1031)
skyarea(125905,16,20,8,16,20,2,1,1,35,1031)
tap(125948,1,1)
skyarea(125948,12,20,2,12,20,8,2,2,43,1033)
skyarea(125991,12,20,8,12,20,2,1,1,34,1033)
tap(126034,1,2)
skyarea(126034,8,20,2,8,20,8,2,2,43,1035)
skyarea(126077,8,20,8,8,20,2,1,1,34,1035)
tap(126121,1,1)
skyarea(126121,4,20,2,4,20,8,2,2,43,1037)
skyarea(126164,4,20,8,4,20,2,1,1,35,1037)
tap(126206,4,1)
tap(126552,2,2)
skyarea(126552,16,20,2,16,20,8,2,2,43,1040)
skyarea(126595,16,20,8,16,20,2,1,1,35,1040)
tap(126638,2,2)
skyarea(126638,12,20,2,12,20,8,2,2,43,1042)
skyarea(126681,12,20,8,12,20,2,1,1,34,1042)
tap(126724,2,2)
skyarea(126724,8,20,2,8,20,8,2,2,43,1044)
skyarea(126767,8,20,8,8,20,2,1,1,34,1044)
tap(126810,2,2)
skyarea(126811,4,20,2,4,20,8,2,2,43,1046)
skyarea(126854,4,20,8,4,20,2,1,1,35,1046)
hold(126896,5,1,2069)
hold(127069,3,1,1897)
hold(127241,4,1,1725)
hold(127586,2,1,1380)
flick(127586,12,18,12,4)
tap(127931,1,0)
tap(128276,1,1)
flick(128276,3,18,6,16)
tap(128448,1,1)
tap(128620,1,1)
flick(128621,8,12,8,4)
tap(128965,1,0)
skyarea(128966,1,24,2,1,24,2,2,1,173,1059)
flick(129139,1,24,2,4)
flick(129160,3,24,6,4)
flick(129182,6,24,8,4)
flick(129204,9,24,10,4)
flick(129225,12,24,10,4)
flick(129247,15,24,10,4)
flick(129268,18,24,8,4)
flick(129290,21,24,6,4)
flick(129311,23,24,2,4)
skyarea(129311,23,24,2,23,24,2,2,2,173,1069)
tap(129655,1,3)
hold(129655,5,1,2759)
tap(130000,1,1)
skyarea(130000,4,20,2,4,20,8,2,2,43,1073)
skyarea(130043,4,20,8,4,20,2,1,1,35,1073)
tap(130086,1,2)
skyarea(130086,8,20,2,8,20,8,2,2,43,1075)
skyarea(130129,8,20,8,8,20,2,1,1,34,1075)
tap(130172,1,1)
skyarea(130172,12,20,2,12,20,8,2,2,43,1077)
skyarea(130215,12,20,8,12,20,2,1,1,34,1077)
tap(130259,1,2)
skyarea(130259,16,20,2,16,20,8,2,2,43,1079)
skyarea(130302,16,20,8,16,20,2,1,1,35,1079)
tap(130345,4,1)
skyarea(130689,4,20,2,4,20,8,2,2,43,1081)
skyarea(130732,4,20,8,4,20,2,1,1,35,1081)
tap(130690,2,2)
skyarea(130775,8,20,2,8,20,8,2,2,43,1083)
skyarea(130818,8,20,8,8,20,2,1,1,34,1083)
tap(130776,2,2)
skyarea(130861,12,20,2,12,20,8,2,2,43,1085)
skyarea(130904,12,20,8,12,20,2,1,1,34,1085)
tap(130862,2,2)
tap(130948,2,2)
skyarea(130948,16,20,2,16,20,8,2,2,43,1088)
skyarea(130991,16,20,8,16,20,2,1,1,35,1088)
tap(131034,2,1)
tap(131379,1,3)
skyarea(131379,4,20,2,4,20,8,2,2,43,1091)
skyarea(131422,4,20,8,4,20,2,1,1,35,1091)
skyarea(131465,8,20,2,8,20,8,2,2,43,1092)
skyarea(131508,8,20,8,8,20,2,1,1,34,1092)
tap(131466,1,4)
tap(131551,1,3)
skyarea(131551,12,20,2,12,20,8,2,2,43,1095)
skyarea(131594,12,20,8,12,20,2,1,1,34,1095)
tap(131638,1,4)
skyarea(131638,16,20,2,16,20,8,2,2,43,1097)
skyarea(131681,16,20,8,16,20,2,1,1,35,1097)
tap(131723,4,1)
tap(132069,2,2)
skyarea(132069,4,20,2,4,20,8,2,2,43,1100)
skyarea(132112,4,20,8,4,20,2,1,1,35,1100)
tap(132155,2,2)
skyarea(132155,8,20,2,8,20,8,2,2,43,1102)
skyarea(132198,8,20,8,8,20,2,1,1,34,1102)
tap(132241,2,2)
skyarea(132241,12,20,2,12,20,8,2,2,43,1104)
skyarea(132284,12,20,8,12,20,2,1,1,34,1104)
tap(132328,2,2)
skyarea(132328,16,20,2,16,20,8,2,2,43,1106)
skyarea(132371,16,20,8,16,20,2,1,1,35,1106)
hold(132413,0,1,2069)
hold(132586,2,1,1897)
hold(132759,1,1,1724)
hold(133103,3,1,1380)
flick(133103,6,18,12,16)
tap(133448,1,5)
tap(133792,1,4)
flick(133792,10,12,4,4)
tap(133966,1,4)
tap(134138,1,4)
flick(134138,4,12,8,16)
tap(134482,1,5)
skyarea(134483,23,24,2,23,24,2,1,2,173,1119)
flick(134656,23,24,2,16)
flick(134677,21,24,6,16)
flick(134699,18,24,8,16)
flick(134721,15,24,10,16)
flick(134742,12,24,10,16)
flick(134764,9,24,10,16)
flick(134785,6,24,8,16)
flick(134807,3,24,6,16)
flick(134828,1,24,2,16)
skyarea(134828,1,24,2,1,24,2,2,2,173,1129)
tap(135172,1,1)
hold(135172,2,2,2069)
tap(135517,1,4)
skyarea(135517,4,20,2,4,20,8,2,2,43,1133)
skyarea(135560,4,20,8,4,20,2,1,1,35,1133)
tap(135603,1,1)
skyarea(135603,8,20,2,8,20,8,2,2,43,1135)
skyarea(135646,8,20,8,8,20,2,1,1,34,1135)
skyarea(135689,12,20,2,12,20,8,2,2,43,1136)
skyarea(135732,12,20,8,12,20,2,1,1,34,1136)
tap(135690,1,4)
tap(135776,1,1)
skyarea(135776,16,20,2,16,20,8,2,2,43,1139)
skyarea(135819,16,20,8,16,20,2,1,1,35,1139)
tap(135862,1,4)
tap(136207,1,0)
skyarea(136207,4,20,2,4,20,8,2,2,43,1142)
skyarea(136250,4,20,8,4,20,2,1,1,35,1142)
tap(136293,1,5)
skyarea(136293,8,20,2,8,20,8,2,2,43,1144)
skyarea(136336,8,20,8,8,20,2,1,1,34,1144)
tap(136379,1,0)
skyarea(136379,12,20,2,12,20,8,2,2,43,1146)
skyarea(136422,12,20,8,12,20,2,1,1,34,1146)
tap(136466,1,5)
skyarea(136466,16,20,2,16,20,8,2,2,43,1148)
skyarea(136509,16,20,8,16,20,2,1,1,35,1148)
tap(136552,1,0)
tap(136897,1,4)
skyarea(136897,4,20,2,4,20,8,2,2,43,1151)
skyarea(136940,4,20,8,4,20,2,1,1,35,1151)
tap(136983,1,1)
skyarea(136983,8,20,2,8,20,8,2,2,43,1153)
skyarea(137026,8,20,8,8,20,2,1,1,34,1153)
skyarea(137069,12,20,2,12,20,8,2,2,43,1154)
skyarea(137112,12,20,8,12,20,2,1,1,34,1154)
tap(137070,1,4)
tap(137156,1,1)
skyarea(137156,16,20,2,16,20,8,2,2,43,1157)
skyarea(137199,16,20,8,16,20,2,1,1,35,1157)
tap(137242,1,4)
skyarea(137586,6,12,12,6,12,2,1,1,345,1159)
hold(137931,4,1,345)
hold(137931,1,1,345)
flick(137931,6,12,12,16)
hold(138276,5,1,172)
hold(138276,0,1,172)
hold(138276,2,2,172)
hold(138448,4,1,173)
hold(138448,1,1,173)
hold(138621,0,1,345)
hold(138621,2,2,345)
hold(138621,5,1,345)
hold(138966,1,1,172)
hold(138966,4,1,172)
hold(139138,2,2,172)
hold(139138,0,1,172)
hold(139138,5,1,172)
hold(139310,4,1,345)
hold(139310,1,1,345)
hold(139655,2,2,345)
hold(139655,5,1,345)
hold(139655,0,1,345)
tap(140000,1,4)
tap(140000,1,1)
flick(140000,6,12,12,4)
tap(140690,1,4)
hold(140690,2,2,2069)
skyarea(141034,16,20,2,16,20,8,2,2,43,1186)
skyarea(141077,16,20,8,16,20,2,1,1,35,1186)
tap(141035,1,1)
skyarea(141120,12,20,2,12,20,8,2,2,43,1188)
skyarea(141163,12,20,8,12,20,2,1,1,34,1188)
tap(141121,1,4)
skyarea(141206,8,20,2,8,20,8,2,2,43,1190)
skyarea(141249,8,20,8,8,20,2,1,1,34,1190)
tap(141207,1,1)
tap(141293,1,4)
skyarea(141293,4,20,2,4,20,8,2,2,43,1193)
skyarea(141336,4,20,8,4,20,2,1,1,35,1193)
tap(141379,1,1)
tap(141724,1,5)
skyarea(141724,16,20,2,16,20,8,2,2,43,1196)
skyarea(141767,16,20,8,16,20,2,1,1,35,1196)
skyarea(141810,12,20,2,12,20,8,2,2,43,1197)
skyarea(141853,12,20,8,12,20,2,1,1,34,1197)
tap(141811,1,0)
skyarea(141896,8,20,2,8,20,8,2,2,43,1199)
skyarea(141939,8,20,8,8,20,2,1,1,34,1199)
tap(141897,1,5)
tap(141983,1,0)
skyarea(141983,4,20,2,4,20,8,2,2,43,1202)
skyarea(142026,4,20,8,4,20,2,1,1,35,1202)
tap(142069,1,5)
tap(142414,1,1)
skyarea(142414,16,20,2,16,20,8,2,2,43,1205)
skyarea(142457,16,20,8,16,20,2,1,1,35,1205)
tap(142500,1,4)
skyarea(142500,12,20,2,12,20,8,2,2,43,1207)
skyarea(142543,12,20,8,12,20,2,1,1,34,1207)
tap(142586,1,1)
skyarea(142586,8,20,2,8,20,8,2,2,43,1209)
skyarea(142629,8,20,8,8,20,2,1,1,34,1209)
tap(142672,1,4)
skyarea(142673,4,20,2,4,20,8,2,2,43,1211)
skyarea(142716,4,20,8,4,20,2,1,1,35,1211)
tap(142758,1,1)
skyarea(143104,6,12,12,6,12,4,1,1,345,1213)
hold(143448,5,1,862)
hold(143621,3,1,690)
hold(143793,4,1,518)
hold(144138,0,1,173)
hold(144138,2,1,173)
flick(144138,3,12,6,16)
tap(144483,2,1)
tap(144655,2,3)
hold(144828,0,1,862)
hold(145000,2,1,690)
hold(145173,1,1,517)
flick(145517,9,12,6,4)
hold(145518,3,1,172)
hold(145518,5,1,172)
hold(146207,1,4,86)
flick(146207,6,12,12,16)
tap(146551,1,4)
tap(146724,1,3)
skyarea(146897,9,18,2,9,18,6,2,2,43,1232)
skyarea(146940,9,18,6,9,18,2,1,1,43,1232)
tap(147241,1,1)
tap(147414,1,2)
skyarea(147587,13,18,2,13,18,6,2,2,43,1235)
skyarea(147630,13,18,6,13,18,2,1,1,44,1235)
tap(148103,1,3)
tap(148189,1,2)
tap(148276,1,3)
skyarea(148277,5,18,2,5,18,6,2,2,43,1239)
skyarea(148320,5,18,6,5,18,2,1,1,44,1239)
tap(148448,1,1)
tap(148620,1,2)
tap(148793,1,3)
tap(148966,1,4)
flick(148966,9,12,6,4)
tap(149310,1,1)
tap(149483,1,2)
skyarea(149656,9,18,2,9,18,6,2,2,43,1247)
skyarea(149699,9,18,6,9,18,2,1,1,43,1247)
tap(150000,1,4)
tap(150173,1,3)
skyarea(150346,5,18,2,5,18,6,2,2,43,1250)
skyarea(150389,5,18,6,5,18,2,1,1,44,1250)
tap(150862,1,2)
tap(150948,1,3)
tap(151035,1,2)
skyarea(151036,13,18,2,13,18,6,2,2,43,1254)
skyarea(151079,13,18,6,13,18,2,1,1,44,1254)
tap(151207,1,4)
tap(151379,1,3)
tap(151551,1,2)
flick(151724,15,24,18,16)
flick(151746,4,24,4,16)
flick(151768,1,24,2,16)
bpm(137931,174.0,99.0)
bpm(140000,174.0,4.0)
bpm(140690,174.0,4.0)
