chart(130.0,4.0)
skyarea(1846,100,200,2,1,2,2,1,1,923,0)
skyarea(2769,1,2,2,100,200,2,2,2,923,0)
tap(3692,1,1)
flick(3692,6,24,12,16)
tap(3923,1,1)
tap(4154,1,3)
flick(4154,10,24,12,4)
tap(4385,1,3)
tap(5077,1,4)
skyarea(5077,20,24,8,20,24,2,1,1,461,8)
tap(5308,1,4)
tap(5423,1,3)
tap(5538,1,2)
flick(5538,16,24,8,16)
tap(5769,1,2)
tap(6000,2,3)
flick(6000,10,24,4,4)
tap(6231,2,3)
tap(6346,2,1)
flick(6346,14,24,4,16)
tap(6577,2,1)
tap(6923,1,3)
skyarea(6923,12,24,8,12,24,2,1,1,462,21)
tap(7154,1,3)
tap(7269,1,2)
tap(7385,1,4)
flick(7385,18,24,12,4)
tap(7616,1,4)
flick(7846,14,24,12,16)
tap(7847,1,2)
tap(8078,1,2)
tap(8538,1,3)
tap(8769,1,1)
skyarea(8769,4,24,8,4,24,2,1,1,462,32)
tap(9000,1,1)
tap(9230,1,3)
flick(9230,8,24,8,4)
tap(9461,1,3)
tap(9692,2,1)
flick(9692,14,24,4,16)
tap(9923,2,1)
tap(10154,2,3)
flick(10154,10,24,4,4)
tap(10385,1,1)
tap(10615,1,2)
skyarea(10615,12,24,8,12,24,2,1,1,462,44)
tap(10846,1,2)
tap(10962,1,3)
tap(11077,1,1)
flick(11077,6,24,12,16)
tap(11308,1,1)
flick(11538,10,24,12,4)
tap(11539,1,3)
tap(11770,1,3)
tap(12462,1,4)
skyarea(12462,20,24,8,20,24,2,1,1,461,54)
tap(12693,1,4)
tap(12808,1,3)
flick(12922,16,24,8,16)
tap(12923,1,2)
tap(13154,1,2)
tap(13385,2,3)
flick(13385,10,24,4,4)
tap(13615,2,3)
tap(13731,2,1)
flick(13731,14,24,4,16)
tap(13962,2,1)
tap(14308,1,3)
tap(14538,1,3)
tap(14769,1,5)
flick(14769,16,24,16,4)
tap(15115,2,2)
tap(15231,1,0)
flick(15231,8,24,16,16)
tap(15577,2,2)
tap(15692,1,5)
flick(15692,20,24,8,4)
tap(16038,2,2)
tap(16154,1,0)
flick(16154,4,24,8,16)
tap(16385,4,1)
tap(16615,1,5)
tap(16615,1,0)
flick(16615,12,24,24,4)
tap(17077,1,5)
tap(17077,1,0)
flick(17077,12,24,16,4)
tap(17538,1,0)
tap(17538,1,5)
flick(17538,12,24,8,4)
tap(18000,1,5)
tap(18000,1,0)
flick(18000,16,32,4,4)
tap(18462,4,1)
skyarea(18462,12,24,24,48,96,2,1,1,923,93)
skyarea(19385,48,96,2,48,96,2,1,1,923,93)
tap(20308,1,2)
tap(20538,1,2)
tap(20769,1,3)
tap(20769,1,2)
tap(21000,1,3)
tap(21115,1,3)
tap(21346,1,2)
tap(21462,1,2)
flick(21692,22,24,4,16)
flick(21721,16,24,4,16)
flick(21750,10,24,4,16)
flick(21779,4,24,4,16)
flick(21808,2,24,4,4)
flick(21837,8,24,4,4)
flick(21865,14,24,4,4)
flick(21894,20,24,4,4)
flick(21923,22,24,4,16)
flick(21952,16,24,4,16)
flick(21981,10,24,4,16)
flick(22010,4,24,4,16)
flick(22038,2,24,4,4)
flick(22067,8,24,4,4)
flick(22096,14,24,4,4)
flick(22125,20,24,4,4)
hold(22154,0,1,3231)
hold(22154,5,1,3231)
tap(22769,4,1)
flick(22769,14,24,2,16)
flick(22808,12,24,2,16)
flick(22846,10,24,2,16)
tap(23231,4,1)
flick(23231,16,24,4,16)
flick(23269,12,24,4,16)
flick(23308,8,24,4,16)
tap(23692,4,1)
flick(23692,18,24,6,16)
flick(23731,12,24,6,16)
flick(23769,6,24,6,16)
tap(24154,4,1)
flick(24154,20,24,8,16)
flick(24192,12,24,8,16)
flick(24231,4,24,8,16)
tap(24615,4,1)
flick(24615,21,24,6,16)
flick(24654,12,24,6,16)
flick(24692,3,24,6,16)
tap(25077,4,1)
flick(25077,22,24,4,16)
flick(25115,12,24,4,16)
flick(25154,2,24,4,16)
flick(25385,12,24,8,4)
flick(25615,12,24,8,16)
hold(25846,0,1,1385)
skyarea(25846,4,24,8,20,24,8,0,0,462,147)
skyarea(26308,12,24,24,12,24,24,0,0,57,147)
skyarea(26365,4,24,8,16,24,8,0,0,289,147)
tap(26308,1,5)
flick(26654,14,24,12,16)
tap(26769,1,5)
flick(26769,14,24,12,4)
flick(26885,10,24,20,16)
flick(27115,16,24,8,4)
tap(27231,1,5)
skyarea(27231,6,24,12,2,24,4,1,1,231,155)
skyarea(27462,2,24,4,2,24,4,1,1,230,155)
tap(27462,1,2)
tap(27538,1,3)
tap(27615,1,2)
tap(27692,1,3)
flick(27692,8,24,16,4)
tap(28038,1,0)
flick(28038,6,24,12,16)
tap(28153,4,1)
tap(28269,1,5)
flick(28269,17,24,14,4)
skyarea(28269,21,24,6,21,24,6,0,1,346,166)
skyarea(28615,12,24,24,12,24,24,0,1,29,166)
skyarea(28644,3,24,6,3,24,6,0,1,433,166)
tap(28500,1,3)
tap(28615,1,2)
tap(28846,1,2)
tap(29077,1,3)
flick(29077,7,24,14,4)
tap(29192,1,2)
tap(29308,1,3)
hold(29538,5,1,1385)
skyarea(29538,20,24,8,4,24,8,0,0,462,175)
skyarea(30000,12,24,24,12,24,24,0,0,57,175)
skyarea(30057,20,24,8,8,24,8,0,0,289,175)
tap(30000,1,0)
flick(30346,10,24,12,4)
tap(30461,1,0)
flick(30461,10,24,12,16)
flick(30577,14,24,20,4)
flick(30807,8,24,8,16)
tap(30923,1,0)
skyarea(30923,18,24,12,22,24,4,1,1,231,183)
skyarea(31154,22,24,4,22,24,4,1,1,230,183)
tap(31154,1,3)
tap(31231,1,2)
tap(31308,1,3)
tap(31385,1,2)
flick(31385,16,24,16,16)
flick(31730,18,24,12,4)
tap(31731,1,5)
tap(31846,4,1)
tap(31962,1,0)
flick(31962,7,24,14,16)
skyarea(31962,3,24,6,3,24,6,1,0,346,194)
skyarea(32308,12,24,24,12,24,24,1,0,29,194)
skyarea(32337,21,24,6,21,24,6,1,0,433,194)
tap(32192,1,2)
tap(32308,1,3)
tap(32538,1,3)
tap(32769,1,2)
flick(32769,17,24,14,16)
tap(32884,1,3)
tap(33000,1,2)
hold(33231,0,1,1385)
skyarea(33231,4,24,8,20,24,8,0,0,462,203)
skyarea(33693,12,24,24,12,24,24,0,0,57,203)
skyarea(33750,4,24,8,16,24,8,0,0,289,203)
tap(33693,1,5)
flick(34038,14,24,12,16)
flick(34153,14,24,12,4)
tap(34154,1,5)
flick(34269,10,24,20,16)
flick(34499,16,24,8,4)
tap(34616,1,5)
skyarea(34616,6,24,12,2,24,4,1,1,231,211)
skyarea(34847,2,24,4,2,24,4,1,1,230,211)
tap(34846,1,2)
tap(34923,1,3)
tap(35000,1,2)
tap(35077,1,3)
flick(35077,8,24,16,4)
tap(35423,1,0)
flick(35423,6,24,12,16)
tap(35538,4,1)
tap(35654,1,5)
flick(35654,17,24,14,4)
skyarea(35654,21,24,6,21,24,6,0,0,346,222)
skyarea(36000,12,24,24,12,24,24,0,1,29,222)
skyarea(36029,3,24,6,3,24,6,0,0,433,222)
tap(35885,1,3)
tap(36000,1,2)
tap(36231,1,2)
tap(36462,1,3)
flick(36462,7,24,14,4)
tap(36577,1,2)
tap(36693,1,3)
tap(36923,2,1)
tap(36923,1,0)
flick(36923,6,24,12,16)
tap(37154,2,2)
tap(37385,2,3)
tap(37385,1,5)
flick(37385,18,24,12,4)
tap(37615,2,2)
tap(37846,1,0)
tap(37846,2,1)
flick(37846,9,24,10,16)
tap(38077,2,2)
tap(38308,1,5)
tap(38308,2,3)
flick(38308,15,24,10,4)
tap(38538,2,2)
tap(38769,1,0)
tap(38769,1,1)
flick(38769,3,24,6,16)
tap(39000,2,1)
tap(39231,1,5)
tap(39231,1,4)
flick(39231,21,24,6,4)
tap(39462,2,3)
tap(39692,1,1)
tap(39692,1,0)
flick(39693,3,24,6,16)
tap(39923,2,1)
tap(40154,1,5)
tap(40154,1,4)
flick(40154,21,24,6,4)
tap(40385,2,3)
tap(40615,1,5)
tap(40615,1,0)
flick(40615,9,24,18,16)
tap(40846,1,5)
tap(40846,1,0)
flick(40846,15,24,18,4)
tap(41077,1,1)
tap(41192,1,2)
tap(41423,1,2)
tap(41423,1,1)
flick(41423,3,24,4,16)
flick(41423,9,24,4,16)
tap(41654,1,2)
tap(41654,1,3)
flick(41654,9,24,4,4)
flick(41654,15,24,4,4)
tap(42000,1,5)
skyarea(42000,16,24,8,17,24,6,0,1,231,279)
skyarea(42231,12,24,16,12,24,16,0,0,29,279)
skyarea(42260,7,24,6,8,24,8,0,0,202,279)
tap(42231,1,0)
hold(42462,5,1,1615)
tap(42808,4,1)
flick(42808,12,24,16,4)
tap(43038,4,1)
flick(43038,12,24,16,4)
tap(43269,4,1)
flick(43269,12,24,16,4)
tap(43500,4,1)
flick(43500,12,24,16,4)
tap(43615,2,2)
tap(43692,2,2)
tap(43769,2,2)
tap(43846,2,2)
tap(44077,4,1)
flick(44077,12,24,16,4)
tap(44308,1,0)
tap(44308,1,5)
flick(44308,12,24,24,16)
tap(44769,1,4)
tap(44885,1,3)
tap(45115,1,4)
tap(45115,1,3)
flick(45115,21,24,4,4)
flick(45115,15,24,4,4)
tap(45346,1,3)
tap(45346,1,2)
flick(45346,9,24,4,16)
flick(45346,15,24,4,16)
tap(45692,1,0)
skyarea(45692,8,24,8,7,24,6,1,0,231,310)
skyarea(45923,12,24,16,12,24,16,0,0,29,310)
skyarea(45952,17,24,6,16,24,8,0,0,202,310)
tap(45923,1,5)
hold(46154,0,1,1615)
tap(46500,4,1)
flick(46500,12,24,16,16)
tap(46730,4,1)
flick(46730,12,24,16,16)
tap(46961,4,1)
flick(46961,12,24,16,16)
tap(47192,4,1)
flick(47192,12,24,16,16)
tap(47307,2,2)
tap(47384,2,2)
tap(47461,2,2)
tap(47538,2,2)
tap(47769,4,1)
flick(47769,12,24,16,16)
tap(48000,1,0)
tap(48000,1,5)
flick(48000,12,24,24,4)
hold(48462,1,3,346)
skyarea(48462,5,24,10,3,24,6,0,0,461,331)
skyarea(48923,12,24,24,12,24,24,0,0,29,331)
skyarea(48952,19,24,10,21,24,6,0,0,433,331)
skyarea(49385,12,24,24,12,24,24,0,0,29,331)
skyarea(49414,5,24,10,3,24,6,0,0,433,331)
hold(48923,2,3,346)
hold(49385,1,3,346)
tap(49846,4,1)
flick(49846,12,24,24,4)
tap(50308,1,4)
skyarea(50308,20,24,8,20,24,8,2,1,57,337)
tap(50423,1,3)
skyarea(50423,19,24,10,19,24,10,1,1,58,339)
tap(50538,1,4)
skyarea(50538,20,24,8,20,24,8,2,1,58,341)
tap(50769,1,1)
skyarea(50769,4,24,8,4,24,8,2,1,58,343)
tap(50885,1,2)
skyarea(50885,5,24,10,5,24,10,1,1,57,345)
tap(51000,1,1)
skyarea(51000,4,24,8,4,24,8,2,1,58,347)
tap(51231,4,1)
skyarea(51231,1,2,2,100,200,2,1,1,462,349)
tap(51692,2,1)
tap(51692,1,0)
flick(51692,6,24,12,16)
tap(51923,2,2)
tap(52154,2,3)
tap(52154,1,5)
flick(52154,18,24,12,4)
tap(52384,2,2)
tap(52615,1,0)
tap(52615,2,1)
flick(52615,7,24,10,16)
tap(52846,2,2)
tap(53077,1,5)
tap(53077,2,3)
flick(53077,15,24,10,4)
tap(53307,2,2)
tap(53538,1,1)
tap(53538,1,0)
flick(53538,3,24,6,16)
tap(53885,2,2)
tap(54000,1,5)
tap(54000,1,4)
flick(54000,21,24,6,4)
tap(54346,2,2)
tap(54461,1,0)
tap(54462,1,1)
flick(54462,3,24,6,16)
tap(54807,2,2)
tap(54923,1,4)
tap(54923,1,5)
flick(54923,21,24,6,4)
tap(55153,4,1)
hold(55385,0,1,3230)
hold(55385,5,1,3230)
flick(55385,12,24,24,16)
skyarea(55846,9,24,6,9,24,6,0,0,39,385)
skyarea(55923,12,24,6,12,24,6,0,0,39,386)
skyarea(56000,15,24,6,15,24,6,0,0,38,387)
skyarea(56154,9,24,6,9,24,6,0,0,38,388)
skyarea(56231,12,24,6,12,24,6,0,0,38,389)
skyarea(56308,15,24,6,15,24,6,0,0,38,390)
skyarea(56462,9,24,6,9,24,6,0,0,38,391)
skyarea(56538,12,24,6,12,24,6,0,0,39,392)
skyarea(56615,15,24,6,15,24,6,0,0,39,393)
skyarea(56769,24,32,10,24,32,10,0,0,39,394)
skyarea(56846,16,32,10,16,32,10,0,0,39,395)
skyarea(56923,8,32,10,8,32,10,0,0,39,396)
skyarea(57077,24,32,10,24,32,10,0,0,39,397)
skyarea(57154,16,32,10,16,32,10,0,0,39,398)
skyarea(57231,8,32,10,8,32,10,0,0,39,399)
skyarea(57385,24,32,10,24,32,10,0,0,39,400)
skyarea(57462,16,32,10,16,32,10,0,0,39,401)
skyarea(57539,8,32,10,8,32,10,0,0,39,402)
skyarea(57692,6,32,12,6,32,12,0,0,39,403)
skyarea(57769,16,32,12,16,32,12,0,0,39,404)
skyarea(57846,26,32,12,26,32,12,0,0,39,405)
skyarea(58000,6,32,12,6,32,12,0,0,39,406)
skyarea(58077,16,32,12,16,32,12,0,0,39,407)
skyarea(58154,26,32,12,26,32,12,0,0,39,408)
skyarea(58308,6,32,12,6,32,12,0,0,39,409)
skyarea(58385,16,32,12,16,32,12,0,0,39,410)
skyarea(58462,26,32,12,26,32,12,0,0,39,411)
flick(58615,14,32,4,16)
flick(58673,18,32,4,4)
flick(58731,14,32,4,16)
flick(58788,18,32,4,4)
flick(58846,14,32,4,16)
flick(58904,18,32,4,4)
flick(58962,14,32,4,16)
flick(59019,18,32,4,4)
tap(59077,4,1)
flick(59077,12,24,24,16)
tap(59538,1,0)
tap(59769,2,2)
tap(59885,2,2)
tap(60000,1,0)
tap(60115,2,3)
tap(60231,2,3)
tap(60346,2,3)
tap(60462,1,0)
tap(60577,2,2)
tap(60692,2,2)
tap(60923,1,0)
tap(60923,1,5)
flick(60923,12,24,16,4)
tap(61269,1,4)
tap(61269,1,3)
flick(61269,18,24,4,16)
flick(61269,14,24,4,16)
tap(61500,1,2)
tap(61500,1,3)
flick(61500,10,24,4,4)
flick(61500,14,24,4,4)
tap(61731,1,3)
tap(61731,1,4)
flick(61731,14,24,4,16)
flick(61731,18,24,4,16)
tap(61962,1,1)
tap(62077,1,3)
tap(62154,1,2)
tap(62231,1,3)
tap(62308,1,2)
tap(62538,1,1)
tap(62538,1,4)
hold(62769,5,1,462)
flick(62769,12,24,24,4)
tap(63231,1,4)
skyarea(63231,26,32,12,6,32,12,1,1,231,457)
skyarea(63462,6,32,12,26,32,12,2,2,230,457)
tap(63346,1,3)
tap(63462,1,1)
tap(63577,1,3)
tap(63692,1,4)
flick(63692,16,24,16,16)
tap(63923,1,3)
tap(64154,1,2)
skyarea(64154,12,24,10,12,24,4,0,0,115,465)
tap(64385,1,3)
hold(64615,0,1,347)
flick(64615,12,24,24,16)
tap(64962,1,2)
tap(65077,1,1)
skyarea(65077,6,32,12,26,32,12,1,1,231,471)
skyarea(65308,26,32,12,6,32,12,2,2,230,471)
tap(65192,1,2)
tap(65308,1,4)
tap(65423,1,2)
tap(65538,1,1)
flick(65538,8,24,16,4)
tap(65769,1,2)
tap(65885,1,3)
tap(66000,1,2)
skyarea(66000,12,24,10,12,24,4,0,0,115,480)
tap(66231,1,1)
tap(66462,4,1)
flick(66462,12,24,24,4)
tap(66923,1,5)
tap(67038,2,2)
tap(67154,2,2)
tap(67269,2,2)
tap(67385,1,5)
tap(67500,2,1)
tap(67615,2,1)
tap(67731,2,1)
tap(67846,1,5)
tap(67962,2,2)
tap(68077,2,2)
tap(68308,1,0)
tap(68308,1,5)
flick(68308,12,24,16,16)
tap(68654,1,1)
tap(68654,1,2)
flick(68654,6,24,4,4)
flick(68654,10,24,4,4)
tap(68885,1,2)
tap(68885,1,3)
flick(68885,14,24,4,16)
flick(68885,10,24,4,16)
tap(69116,1,1)
tap(69116,1,2)
flick(69116,10,24,4,4)
flick(69116,6,24,4,4)
tap(69462,4,1)
tap(69692,4,1)
skyarea(69692,1,2,2,100,200,2,1,1,462,512)
tap(70154,1,5)
tap(70154,2,3)
flick(70154,18,24,12,4)
tap(70385,2,2)
tap(70615,1,0)
tap(70615,2,1)
flick(70616,6,24,12,16)
tap(70846,2,2)
tap(71077,1,5)
tap(71077,2,3)
flick(71077,17,24,10,4)
tap(71308,2,2)
tap(71538,1,0)
tap(71538,2,1)
flick(71539,9,24,10,16)
tap(71769,2,2)
tap(72000,1,4)
tap(72000,1,5)
flick(72000,21,24,6,4)
tap(72346,2,2)
tap(72462,1,1)
tap(72462,1,0)
flick(72462,3,24,6,16)
tap(72808,2,2)
tap(72923,1,4)
tap(72923,1,5)
flick(72924,21,24,6,4)
tap(73269,2,2)
tap(73385,1,1)
tap(73385,1,0)
flick(73385,3,24,6,16)
tap(73615,4,1)
tap(73846,1,0)
tap(73846,1,5)
skyarea(73846,24,48,48,24,48,46,1,1,231,547)
skyarea(74308,24,48,40,24,48,38,1,1,230,548)
skyarea(74769,24,48,32,24,48,30,1,1,173,549)
skyarea(75231,24,48,24,24,48,22,1,1,173,550)
skyarea(75692,24,48,16,24,48,14,1,1,58,551)
skyarea(76154,24,48,8,24,48,6,1,1,58,552)
skyarea(76615,24,48,4,24,48,2,1,1,58,553)
skyarea(77077,24,48,4,24,48,2,1,1,58,554)
tap(77538,1,4)
flick(77538,18,24,12,4)
tap(77769,1,4)
tap(78000,1,2)
flick(78000,14,24,12,16)
tap(78231,1,2)
tap(78923,1,1)
skyarea(78923,4,24,8,4,24,2,1,1,461,562)
tap(79154,1,1)
tap(79269,1,2)
tap(79384,1,3)
flick(79384,8,24,8,4)
tap(79615,1,3)
tap(79846,2,1)
flick(79846,14,24,4,16)
tap(80077,2,1)
tap(80192,2,3)
flick(80192,10,24,4,4)
tap(80423,2,3)
tap(80769,1,2)
skyarea(80769,12,24,8,12,24,2,1,1,462,575)
tap(81000,1,2)
tap(81115,1,3)
tap(81231,1,1)
flick(81231,6,24,12,16)
tap(81462,1,1)
flick(81692,10,24,12,4)
tap(81693,1,3)
tap(81924,1,3)
tap(82385,1,2)
tap(82615,1,4)
skyarea(82615,20,24,8,20,24,2,1,1,462,586)
tap(82846,1,4)
tap(83076,1,2)
flick(83076,16,24,8,16)
tap(83307,1,2)
tap(83538,2,3)
flick(83538,10,24,4,4)
tap(83769,2,3)
tap(84000,2,1)
flick(84000,14,24,4,16)
tap(84231,1,4)
tap(84461,1,3)
skyarea(84461,12,24,8,12,24,2,1,1,462,598)
tap(84692,1,3)
tap(84808,1,2)
tap(84923,1,4)
flick(84923,18,24,12,4)
tap(85154,1,4)
tap(85385,1,2)
flick(85385,14,24,12,16)
tap(85616,1,2)
tap(86308,1,1)
skyarea(86308,4,24,8,4,24,2,1,1,461,608)
tap(86539,1,1)
tap(86654,1,2)
flick(86768,8,24,8,4)
tap(86769,1,3)
tap(87000,1,3)
tap(87231,2,1)
flick(87231,14,24,4,16)
tap(87462,2,1)
tap(87577,2,3)
flick(87577,10,24,4,4)
tap(87808,2,3)
tap(88154,1,2)
tap(88384,1,2)
tap(88615,1,0)
flick(88615,8,24,16,16)
tap(88962,2,2)
tap(89077,1,5)
flick(89077,16,24,16,4)
tap(89423,2,2)
tap(89538,1,0)
flick(89538,4,24,8,16)
tap(89885,2,2)
tap(90000,1,5)
flick(90000,20,24,8,4)
tap(90231,4,1)
tap(90461,1,0)
tap(90461,1,5)
flick(90462,12,24,24,16)
tap(90923,1,0)
tap(90923,1,5)
flick(90924,12,24,16,16)
tap(91384,1,0)
tap(91384,1,5)
flick(91385,12,24,8,16)
tap(91846,1,5)
tap(91846,1,0)
flick(91847,16,32,4,16)
tap(92308,1,5)
flick(92308,8,32,16,4)
skyarea(92308,5,32,10,16,32,10,1,1,230,648)
skyarea(92538,16,32,10,5,32,10,2,2,231,648)
tap(92538,1,4)
tap(92769,1,5)
flick(92769,8,32,16,4)
tap(93000,1,3)
tap(93231,1,5)
flick(93231,8,32,16,4)
skyarea(93231,5,32,10,16,32,10,1,1,230,655)
skyarea(93461,16,32,10,5,32,10,2,2,231,655)
tap(93462,1,4)
tap(93692,1,5)
flick(93692,8,32,16,4)
tap(93923,1,3)
tap(94154,1,0)
flick(94154,24,32,16,16)
skyarea(94154,27,32,10,16,32,10,1,1,230,662)
skyarea(94384,16,32,10,27,32,10,2,2,231,662)
tap(94384,1,1)
tap(94615,1,0)
flick(94615,24,32,16,16)
tap(94846,1,2)
tap(95077,1,0)
flick(95077,24,32,16,16)
skyarea(95077,27,32,10,16,32,10,1,1,230,669)
skyarea(95307,16,32,10,27,32,10,2,2,231,669)
tap(95308,1,1)
tap(95538,1,0)
flick(95538,24,32,16,16)
tap(95769,1,2)
tap(96000,1,5)
flick(96000,8,32,16,4)
skyarea(96000,5,32,10,16,32,10,1,1,230,676)
skyarea(96230,16,32,10,5,32,10,2,2,231,676)
tap(96231,1,4)
flick(96461,8,32,16,4)
tap(96462,1,5)
tap(96692,1,3)
tap(96923,1,0)
flick(96923,24,32,16,16)
skyarea(96923,27,32,10,16,32,10,1,1,230,683)
skyarea(97153,16,32,10,27,32,10,2,2,231,683)
tap(97154,1,1)
flick(97384,24,32,16,16)
tap(97385,1,0)
tap(97615,1,2)
tap(97846,1,3)
tap(97923,1,2)
tap(98000,1,3)
tap(98077,1,2)
tap(98308,1,4)
tap(98423,1,3)
tap(98538,1,1)
tap(98654,1,3)
tap(98769,1,4)
tap(99000,1,3)
tap(99231,1,2)
tap(99462,1,3)
tap(99692,1,5)
flick(99692,8,24,16,16)
skyarea(99692,16,32,10,5,32,10,1,1,231,702)
skyarea(99923,5,32,10,16,32,10,2,2,231,702)
tap(99923,1,3)
tap(100154,1,5)
flick(100154,8,24,16,16)
tap(100385,1,4)
tap(100615,1,0)
flick(100615,16,24,16,4)
skyarea(100615,16,32,10,27,32,10,1,1,231,709)
skyarea(100846,27,32,10,16,32,10,2,2,231,709)
tap(100846,1,2)
tap(101077,1,0)
flick(101077,16,24,16,4)
tap(101308,1,1)
tap(101538,1,3)
tap(101885,1,4)
tap(102000,1,1)
tap(102115,1,2)
tap(102231,1,4)
tap(102346,1,2)
tap(102462,1,1)
tap(102692,1,2)
tap(102808,1,3)
tap(102923,1,2)
tap(103154,1,3)
tap(103385,1,4)
tap(103385,1,1)
tap(103846,1,1)
flick(103846,4,24,8,16)
tap(104077,1,2)
skyarea(104077,10,24,8,10,24,6,0,0,115,730)
tap(104308,1,4)
flick(104308,20,24,8,4)
tap(104538,1,3)
skyarea(104538,14,24,8,14,24,6,0,0,116,734)
tap(104769,1,1)
flick(104769,4,24,8,16)
tap(105000,1,2)
skyarea(105000,10,24,8,10,24,6,0,0,115,738)
tap(105231,1,4)
tap(105346,1,3)
tap(105462,1,2)
tap(105577,1,4)
tap(105692,1,3)
tap(105923,1,1)
tap(106038,1,2)
tap(106154,1,3)
tap(106269,1,1)
tap(106385,1,2)
tap(106615,2,2)
tap(107077,4,1)
skyarea(107077,12,24,24,48,96,2,1,1,923,751)
skyarea(108000,48,96,2,48,96,2,1,1,923,751)
tap(108923,1,3)
tap(109153,1,3)
tap(109385,1,3)
tap(109385,1,2)
tap(109615,1,2)
tap(109730,1,2)
tap(109961,1,3)
tap(110077,1,3)
flick(110308,2,24,4,4)
flick(110337,8,24,4,4)
flick(110366,14,24,4,4)
flick(110395,20,24,4,4)
flick(110424,22,24,4,16)
flick(110453,16,24,4,16)
flick(110481,10,24,4,16)
flick(110510,4,24,4,16)
flick(110539,2,24,4,4)
flick(110568,8,24,4,4)
flick(110597,14,24,4,4)
flick(110626,20,24,4,4)
flick(110654,22,24,4,16)
flick(110683,16,24,4,16)
flick(110712,10,24,4,16)
flick(110741,4,24,4,16)
hold(110769,5,1,3231)
hold(110769,0,1,3231)
flick(111384,10,24,2,4)
tap(111385,4,1)
flick(111423,12,24,2,4)
flick(111461,14,24,2,4)
tap(111846,4,1)
flick(111846,8,24,4,4)
flick(111884,12,24,4,4)
flick(111923,16,24,4,4)
flick(112307,6,24,6,4)
tap(112308,4,1)
flick(112346,12,24,6,4)
flick(112384,18,24,6,4)
tap(112769,4,1)
flick(112769,4,24,8,4)
flick(112807,12,24,8,4)
flick(112846,20,24,8,4)
flick(113230,3,24,6,4)
tap(113231,4,1)
flick(113269,12,24,6,4)
flick(113307,21,24,6,4)
tap(113692,4,1)
flick(113692,2,24,4,4)
flick(113730,12,24,4,4)
flick(113769,22,24,4,4)
flick(114000,12,24,8,16)
flick(114230,12,24,8,4)
hold(114462,0,1,1384)
skyarea(114462,20,24,8,4,24,8,0,0,462,805)
skyarea(114924,12,24,24,12,24,24,0,0,57,805)
skyarea(114981,20,24,8,8,24,8,0,0,289,805)
tap(114692,4,1)
tap(114924,1,5)
flick(115269,10,24,12,4)
flick(115384,10,24,12,16)
tap(115385,1,5)
flick(115500,14,24,20,4)
flick(115731,8,24,8,16)
tap(115846,1,5)
skyarea(115847,18,24,12,22,24,4,1,0,230,814)
skyarea(116077,22,24,4,22,24,4,1,1,230,814)
tap(116077,1,4)
tap(116154,1,1)
tap(116231,1,4)
flick(116307,16,24,16,16)
tap(116308,1,1)
tap(116654,1,5)
flick(116654,18,24,12,4)
tap(116769,4,1)
tap(116885,1,0)
flick(116885,8,24,16,16)
skyarea(116885,3,24,6,3,24,6,1,0,346,825)
skyarea(117231,12,24,24,12,24,24,0,0,29,825)
skyarea(117260,21,24,6,21,24,6,0,0,432,825)
tap(117115,2,1)
tap(117231,2,3)
tap(117462,2,2)
tap(117692,2,3)
flick(117693,16,24,16,16)
tap(117808,2,2)
tap(117923,2,1)
hold(118154,0,1,461)
skyarea(118154,5,24,10,19,24,10,1,1,231,834)
skyarea(118385,19,24,10,5,24,10,2,2,230,834)
skyarea(118615,5,24,10,19,24,10,1,1,231,834)
skyarea(118846,19,24,10,5,24,10,2,2,230,834)
skyarea(119076,5,24,10,19,24,10,1,1,232,834)
skyarea(119308,19,24,10,5,24,10,2,2,230,834)
tap(118615,1,1)
tap(118731,1,2)
tap(118846,1,4)
tap(118962,1,2)
tap(119077,1,1)
tap(119308,1,2)
tap(119538,1,3)
flick(119538,6,24,12,4)
tap(119769,1,3)
hold(120000,5,1,346)
skyarea(120000,19,24,10,5,24,10,1,1,231,845)
skyarea(120231,5,24,10,19,24,10,2,2,230,845)
skyarea(120461,19,24,10,5,24,10,1,1,231,845)
skyarea(120692,5,24,10,19,24,10,2,2,230,845)
skyarea(120922,19,24,10,5,24,10,1,1,232,845)
skyarea(121154,5,24,10,19,24,10,2,2,230,845)
tap(120346,1,1)
tap(120462,1,4)
tap(120577,1,3)
tap(120692,1,1)
tap(120808,1,3)
tap(120923,1,4)
tap(121154,1,3)
tap(121269,1,2)
tap(121385,1,3)
flick(121385,18,24,12,16)
tap(121615,1,2)
hold(121846,5,1,1385)
skyarea(121846,4,24,8,20,24,8,0,0,462,858)
skyarea(122308,12,24,24,12,24,24,0,0,57,858)
skyarea(122365,4,24,8,16,24,8,0,0,289,858)
tap(122077,4,1)
tap(122308,1,0)
flick(122654,14,24,12,16)
tap(122769,1,0)
flick(122769,14,24,12,4)
flick(122885,10,24,20,16)
flick(123115,16,24,8,4)
tap(123231,1,0)
skyarea(123231,6,24,12,2,24,4,0,1,231,867)
skyarea(123462,2,24,4,2,24,4,1,1,230,867)
tap(123462,1,1)
tap(123538,1,4)
tap(123615,1,1)
tap(123692,1,4)
flick(123692,8,24,16,4)
tap(124038,1,0)
flick(124038,6,24,12,16)
tap(124154,4,1)
tap(124269,1,5)
flick(124269,16,24,16,4)
skyarea(124269,21,24,6,21,24,6,0,1,346,878)
skyarea(124615,12,24,24,12,24,24,0,0,29,878)
skyarea(124644,3,24,6,3,24,6,0,0,432,878)
tap(124500,2,3)
tap(124615,2,1)
tap(124846,2,2)
tap(125077,2,1)
flick(125077,8,24,16,4)
tap(125192,2,2)
tap(125308,2,3)
hold(125538,1,2,462)
skyarea(125538,20,24,8,6,24,8,1,1,231,887)
skyarea(125769,6,24,8,20,24,8,2,2,231,887)
skyarea(126000,20,24,8,20,24,8,2,2,231,887)
skyarea(126231,12,24,24,12,24,24,2,2,57,887)
skyarea(126288,3,24,6,3,24,6,2,2,174,887)
skyarea(126462,9,24,18,9,24,18,2,2,57,887)
skyarea(126519,15,24,6,15,24,6,2,2,173,887)
skyarea(126692,12,24,12,12,24,12,2,2,58,887)
skyarea(126750,9,24,6,9,24,6,2,2,173,887)
skyarea(126923,15,24,18,15,24,18,2,2,58,887)
skyarea(126981,21,24,6,21,24,6,2,2,173,887)
tap(126000,1,5)
tap(126231,1,0)
tap(126462,1,5)
tap(126692,1,0)
tap(126923,1,5)
tap(127154,1,0)
flick(127154,15,24,18,16)
hold(127385,3,2,461)
skyarea(127385,4,24,8,18,24,8,1,1,231,896)
skyarea(127616,18,24,8,4,24,8,2,2,231,896)
skyarea(127847,4,24,8,4,24,8,2,2,231,896)
skyarea(128078,12,24,24,12,24,24,2,2,57,896)
skyarea(128135,21,24,6,21,24,6,2,2,174,896)
skyarea(128309,15,24,18,15,24,18,2,2,57,896)
skyarea(128366,9,24,6,9,24,6,2,2,173,896)
skyarea(128539,12,24,12,12,24,12,2,2,58,896)
skyarea(128597,15,24,6,15,24,6,2,2,173,896)
skyarea(128770,9,24,18,9,24,18,2,2,58,896)
skyarea(128828,3,24,6,3,24,6,2,2,173,896)
tap(127846,1,0)
tap(128077,1,5)
tap(128308,1,0)
tap(128538,1,5)
tap(128769,1,0)
tap(129000,1,5)
flick(129001,9,24,18,4)
tap(129231,4,1)
skyarea(129231,12,24,24,48,96,2,1,1,923,905)
skyarea(130154,48,96,2,48,96,2,1,1,923,905)
skyarea(131077,48,96,2,12,24,24,1,1,1269,905)
flick(132462,16,24,4,16)
flick(132490,14,24,4,16)
flick(132519,12,24,4,16)
flick(132548,10,24,4,16)
flick(132577,8,24,4,4)
flick(132605,10,24,4,4)
flick(132634,12,24,4,4)
flick(132663,14,24,4,4)
flick(132692,16,24,4,16)
flick(132720,14,24,4,16)
flick(132749,12,24,4,16)
flick(132778,10,24,4,16)
flick(132808,8,24,4,4)
flick(132836,10,24,4,4)
flick(132865,12,24,4,4)
flick(132894,14,24,4,4)
tap(132923,1,5)
tap(132923,1,4)
tap(133154,2,2)
skyarea(133154,12,24,8,12,24,6,0,0,115,925)
tap(133385,1,0)
tap(133385,1,1)
flick(133385,6,24,12,16)
tap(133615,2,2)
skyarea(133615,12,24,8,12,24,6,0,0,116,930)
tap(133846,1,5)
tap(133846,1,4)
flick(133846,20,24,8,4)
tap(134077,2,2)
skyarea(134077,12,24,8,12,24,6,0,0,116,935)
tap(134308,1,1)
tap(134308,1,0)
flick(134308,6,24,12,16)
tap(134538,2,2)
skyarea(134538,12,24,8,12,24,6,0,0,116,940)
tap(134769,1,5)
tap(134769,1,4)
flick(134769,18,24,12,4)
tap(135000,1,3)
skyarea(135000,16,24,8,16,24,6,0,0,116,945)
tap(135231,1,1)
tap(135231,1,0)
flick(135231,3,24,6,16)
tap(135462,1,2)
skyarea(135462,8,24,8,8,24,6,0,0,116,950)
tap(135692,1,4)
tap(135692,1,5)
flick(135692,18,24,12,4)
tap(135923,1,3)
skyarea(135923,16,24,8,16,24,6,0,0,116,955)
tap(136154,1,1)
tap(136154,1,0)
flick(136154,3,24,6,16)
tap(136385,1,2)
skyarea(136385,12,24,12,12,24,6,1,1,115,960)
skyarea(136500,12,24,6,12,24,12,2,2,115,960)
tap(136615,1,0)
tap(136615,1,1)
flick(136615,12,24,24,16)
tap(136846,2,2)
skyarea(136846,12,24,8,12,24,6,0,0,115,965)
tap(137077,1,5)
tap(137077,1,4)
flick(137077,18,24,12,4)
tap(137307,2,2)
skyarea(137307,12,24,8,12,24,6,0,0,116,970)
tap(137538,1,0)
tap(137538,1,1)
flick(137538,4,24,8,16)
tap(137769,2,2)
skyarea(137769,12,24,8,12,24,6,0,0,116,975)
tap(138000,1,4)
tap(138000,1,5)
flick(138000,18,24,12,4)
tap(138230,2,2)
skyarea(138231,12,24,8,12,24,6,0,0,116,980)
tap(138461,1,0)
flick(138461,6,24,12,16)
tap(138462,1,1)
tap(138692,1,2)
skyarea(138692,8,24,8,8,24,6,0,0,116,985)
tap(138923,1,5)
tap(138923,1,4)
flick(138923,21,24,6,4)
tap(139154,1,3)
skyarea(139154,16,24,8,16,24,6,0,0,116,990)
tap(139384,1,0)
flick(139384,6,24,12,16)
tap(139385,1,1)
tap(139615,1,2)
skyarea(139615,8,24,8,8,24,6,0,0,116,995)
tap(139846,1,5)
tap(139846,1,4)
flick(139846,21,24,6,4)
tap(140077,1,3)
skyarea(140077,12,24,12,12,24,6,1,1,115,1000)
skyarea(140192,12,24,6,12,24,12,2,2,115,1000)
tap(140308,1,4)
hold(140308,5,1,230)
flick(140308,12,24,12,4)
flick(140308,22,24,4,4)
tap(140654,4,1)
tap(140769,1,1)
hold(140769,0,1,231)
flick(140769,12,24,12,16)
flick(140769,2,24,4,16)
tap(141115,4,1)
tap(141231,1,4)
hold(141231,5,1,231)
flick(141231,22,24,4,4)
flick(141231,12,24,12,4)
tap(141577,4,1)
tap(141692,1,1)
hold(141692,0,1,231)
flick(141692,12,24,12,16)
flick(141692,2,24,4,16)
tap(141923,2,2)
tap(142154,1,0)
tap(142154,1,5)
flick(142154,16,24,4,4)
flick(142154,8,24,4,4)
tap(142385,4,1)
tap(142615,1,5)
tap(142615,1,0)
flick(142615,18,24,4,4)
flick(142615,6,24,4,4)
tap(142846,4,1)
tap(143077,1,0)
tap(143077,1,5)
flick(143077,4,24,4,4)
flick(143077,20,24,4,4)
tap(143308,4,1)
tap(143538,1,0)
tap(143538,1,5)
flick(143538,2,24,4,4)
flick(143538,22,24,4,4)
track(0,1.0)
track(22154,0.30000001192092896)
track(22769,0.4000000059604645)
track(23231,0.5)
track(23692,0.6000000238418579)
track(24154,0.699999988079071)
track(24615,0.800000011920929)
track(25077,0.9000000357627869)
track(25385,1.0)
track(110769,0.30000001192092896)
track(111385,0.4000000059604645)
track(111846,0.5)
track(112308,0.6000000238418579)
track(112769,0.699999988079071)
track(113231,0.800000011920929)
track(113692,0.9000000357627869)
track(114000,1.0)
