chart(172.0,4.0)
skyarea(1243,8,16,16,8,16,14,0,0,22,0)
skyarea(1265,8,16,14,8,16,10,0,0,43,0)
skyarea(1308,8,16,10,8,16,6,0,0,44,0)
skyarea(1352,8,16,6,8,16,2,0,0,43,0)
skyarea(1395,8,16,2,2,16,2,1,1,2791,0)
skyarea(4186,2,16,2,8,16,2,2,2,2791,0)
skyarea(6977,8,16,2,14,16,2,1,1,2790,0)
skyarea(9767,14,16,2,8,16,2,2,2,2791,0)
skyarea(12558,8,16,2,4,16,2,1,1,349,0)
skyarea(12907,4,16,2,8,16,2,2,2,349,0)
skyarea(13256,8,16,2,8,16,2,2,0,697,0)
skyarea(13953,8,16,2,12,16,2,1,1,349,0)
skyarea(14302,12,16,2,8,16,2,2,2,349,0)
skyarea(14651,8,16,2,8,16,2,0,2,697,0)
skyarea(15348,8,16,2,4,16,2,1,1,350,0)
skyarea(15698,4,16,2,8,16,2,2,2,349,0)
skyarea(16047,8,16,2,8,16,2,2,0,697,0)
skyarea(16744,8,16,2,12,16,2,1,1,349,0)
skyarea(17093,12,16,2,8,16,2,2,2,349,0)
skyarea(17442,8,16,2,8,16,2,0,2,697,0)
skyarea(18139,8,16,2,4,16,2,1,1,350,0)
skyarea(18489,4,16,2,8,16,2,2,2,349,0)
skyarea(18838,8,16,2,8,16,2,2,0,697,0)
skyarea(19535,8,16,2,12,16,2,1,1,349,0)
skyarea(19884,12,16,2,8,16,2,2,2,349,0)
skyarea(20233,8,16,2,8,16,2,0,2,697,0)
skyarea(20930,8,16,2,4,16,2,1,1,349,0)
skyarea(21279,4,16,2,8,16,2,2,2,349,0)
skyarea(21628,8,16,2,12,16,2,1,1,349,0)
skyarea(21977,12,16,2,8,16,2,2,2,349,0)
skyarea(22326,32,64,4,32,64,4,0,0,348,0)
skyarea(22674,32,64,4,32,64,20,0,0,88,0)
skyarea(22762,32,64,20,32,64,34,0,0,87,0)
skyarea(22849,32,64,34,32,64,46,0,0,87,0)
skyarea(22936,32,64,46,32,64,56,0,0,87,0)
skyarea(23023,32,64,56,32,64,64,0,0,87,0)
skyarea(23110,16,32,32,16,32,32,0,0,262,0)
skyarea(23372,8,16,16,100,200,2,0,0,175,0)
tap(2791,1,1)
tap(3140,1,2)
tap(3488,1,3)
tap(3837,1,4)
tap(4186,1,5)
tap(6279,1,4)
tap(6628,1,3)
tap(6977,1,2)
tap(8372,1,1)
tap(8721,1,3)
tap(9070,1,4)
tap(9419,1,3)
tap(9767,1,0)
tap(10116,1,1)
tap(10465,1,2)
tap(10814,1,3)
tap(11163,1,4)
tap(11512,1,3)
tap(11860,1,2)
tap(12209,1,0)
tap(12558,1,5)
tap(13953,1,4)
tap(14302,1,3)
tap(14650,1,2)
tap(14999,1,1)
tap(15348,1,0)
tap(17441,1,1)
tap(17790,1,2)
tap(18139,1,3)
tap(19535,1,4)
tap(19883,1,2)
tap(20232,1,1)
tap(20581,1,2)
tap(20929,1,5)
hold(22326,3,2,327)
hold(22326,1,2,327)
hold(22674,1,4,873)
hold(23721,0,1,349)
flick(23721,3,24,6,16)
flick(23721,22,24,4,16)
skyarea(23721,13,24,22,21,24,6,0,0,2791,41)
skyarea(26512,13,24,22,18,24,12,0,0,1744,41)
flick(24070,5,24,6,16)
flick(24070,22,24,4,16)
hold(24244,0,1,349)
flick(24419,7,24,6,16)
flick(24419,11,12,2,16)
hold(24767,0,1,1396)
flick(24767,22,24,4,16)
flick(24767,9,24,6,16)
tap(25116,2,1)
flick(25116,11,24,6,16)
flick(25116,22,24,4,16)
tap(25465,2,1)
flick(25465,22,24,4,16)
flick(25465,13,24,6,16)
tap(25814,2,1)
flick(25814,11,12,2,16)
flick(25814,15,24,6,16)
tap(26163,2,1)
flick(26163,19,24,10,16)
tap(26337,1,5)
hold(26512,5,1,348)
flick(26512,3,24,6,16)
flick(26512,22,24,4,16)
flick(26860,5,24,6,16)
flick(26860,22,24,4,16)
hold(27035,5,1,349)
flick(27209,7,24,6,16)
flick(27209,11,12,2,16)
flick(27557,22,24,4,16)
flick(27557,9,24,6,16)
hold(27558,5,1,872)
flick(27906,22,24,4,16)
flick(27906,11,24,6,16)
flick(28255,22,24,4,16)
flick(28256,8,24,16,16)
hold(28605,0,1,523)
flick(28605,5,24,10,4)
skyarea(28605,5,24,10,5,24,10,1,0,21,79)
flick(28779,11,24,6,4)
flick(28779,2,24,4,4)
skyarea(28779,7,24,14,7,24,14,1,0,22,82)
flick(28953,15,24,6,4)
flick(28953,1,12,2,4)
skyarea(28953,9,24,18,9,24,18,1,0,22,85)
flick(29128,19,24,6,4)
flick(29128,2,24,4,4)
skyarea(29128,11,24,22,11,24,22,1,0,22,88)
hold(29302,5,1,349)
flick(29302,21,24,6,4)
flick(29302,2,24,4,4)
skyarea(29302,11,24,22,3,24,6,0,0,2791,92)
skyarea(32093,11,24,22,6,24,12,0,0,1744,92)
flick(29651,19,24,6,4)
flick(29651,2,24,4,4)
hold(29825,5,1,349)
flick(30000,17,24,6,4)
flick(30000,1,12,2,4)
hold(30348,5,1,1396)
flick(30348,2,24,4,4)
flick(30348,15,24,6,4)
tap(30697,2,3)
flick(30697,13,24,6,4)
flick(30697,2,24,4,4)
tap(31046,2,3)
flick(31046,2,24,4,4)
flick(31046,11,24,6,4)
tap(31395,2,3)
flick(31395,1,12,2,4)
flick(31395,9,24,6,4)
tap(31744,2,3)
flick(31744,5,24,10,4)
tap(31918,1,0)
hold(32093,0,1,348)
flick(32093,2,24,4,4)
flick(32093,21,24,6,4)
flick(32441,2,24,4,4)
flick(32441,19,24,6,4)
hold(32616,0,1,349)
flick(32790,1,12,2,4)
flick(32790,17,24,6,4)
flick(33138,15,24,6,4)
flick(33138,2,24,4,4)
hold(33139,0,1,872)
flick(33487,13,24,6,4)
flick(33487,2,24,4,4)
flick(33836,2,24,4,4)
flick(33837,16,24,16,4)
hold(34186,5,1,523)
flick(34186,19,24,10,16)
skyarea(34186,19,24,10,19,24,10,0,1,21,130)
flick(34360,22,24,4,16)
flick(34360,13,24,6,16)
skyarea(34360,17,24,14,17,24,14,0,1,22,133)
flick(34534,9,24,6,16)
flick(34534,11,12,2,16)
skyarea(34534,15,24,18,15,24,18,0,1,22,136)
flick(34709,22,24,4,16)
flick(34709,5,24,6,16)
skyarea(34709,13,24,22,13,24,22,0,1,22,139)
tap(34884,1,0)
tap(34971,1,2)
tap(35058,1,3)
tap(35145,1,2)
tap(35233,1,3)
tap(35407,1,0)
tap(35494,1,2)
tap(35581,1,3)
tap(35669,1,2)
tap(35756,1,3)
tap(35930,1,0)
tap(36017,1,2)
tap(36105,1,3)
hold(36279,1,1,174)
hold(36279,4,1,174)
flick(36279,19,24,6,4)
flick(36279,2,24,4,4)
skyarea(36279,10,24,20,4,24,8,0,0,1047,157)
hold(36628,1,2,174)
hold(36628,3,2,174)
flick(36628,2,24,4,4)
flick(36628,15,24,6,4)
hold(36977,1,4,174)
flick(36977,2,24,4,4)
flick(36977,11,24,6,4)
hold(37326,1,4,174)
flick(37326,6,12,12,4)
tap(37674,1,5)
tap(37762,1,3)
tap(37849,1,2)
tap(37936,1,3)
tap(38023,1,2)
tap(38197,1,5)
tap(38285,1,3)
tap(38372,1,2)
tap(38459,1,3)
tap(38547,1,2)
tap(38720,1,5)
tap(38808,1,3)
tap(38895,1,2)
hold(39070,1,1,174)
hold(39070,3,2,174)
flick(39070,22,24,4,16)
flick(39070,3,24,6,16)
skyarea(39070,13,24,22,20,24,8,0,0,349,184)
hold(39419,4,1,174)
hold(39419,1,2,174)
flick(39419,6,12,12,16)
hold(39767,3,2,175)
hold(39767,1,2,175)
flick(39767,7,24,6,4)
flick(39767,2,24,4,4)
skyarea(39767,5,24,10,5,24,10,1,0,21,192)
flick(39941,2,24,4,4)
flick(39941,11,24,6,4)
skyarea(39941,7,24,14,7,24,14,1,0,22,195)
flick(40115,1,12,2,4)
flick(40115,15,24,6,4)
skyarea(40115,9,24,18,9,24,18,1,0,22,198)
hold(40116,1,4,175)
flick(40290,2,24,4,4)
flick(40290,19,24,6,4)
skyarea(40290,11,24,22,11,24,22,1,0,22,202)
tap(40465,1,1)
tap(40552,1,2)
tap(40640,1,3)
tap(40727,1,2)
tap(40814,1,3)
tap(40988,1,4)
tap(41076,1,3)
tap(41163,1,2)
tap(41250,1,3)
tap(41337,1,2)
tap(41512,2,2)
tap(41599,2,2)
tap(41686,2,2)
hold(41860,4,1,175)
hold(41860,1,1,175)
flick(41860,22,24,4,16)
flick(41860,5,24,6,16)
skyarea(41860,14,24,20,20,24,8,0,0,1047,220)
hold(42209,3,2,175)
hold(42209,1,2,175)
flick(42209,22,24,4,16)
flick(42209,9,24,6,16)
hold(42558,1,4,175)
flick(42558,22,24,4,16)
flick(42558,13,24,6,16)
hold(42907,1,4,174)
flick(42907,6,12,12,16)
tap(43256,1,5)
tap(43256,1,0)
flick(43256,6,12,12,4)
skyarea(43256,6,12,12,6,12,12,2,1,87,233)
skyarea(43343,20,24,8,4,24,8,2,2,698,233)
skyarea(44128,4,24,4,2,24,4,1,0,66,234)
skyarea(44215,5,24,4,3,24,4,1,0,66,235)
skyarea(44303,7,24,4,5,24,4,1,0,65,236)
skyarea(44390,10,24,4,8,24,4,1,0,65,237)
skyarea(44477,14,24,4,12,24,4,1,0,65,238)
skyarea(44564,19,24,4,17,24,4,1,0,66,239)
hold(44651,4,1,1221)
skyarea(44651,20,24,4,22,24,4,0,1,66,241)
skyarea(44738,19,24,4,21,24,4,0,1,66,242)
skyarea(44826,17,24,4,19,24,4,0,1,65,243)
skyarea(44913,14,24,4,16,24,4,0,1,65,244)
skyarea(45000,10,24,4,12,24,4,0,1,65,245)
skyarea(45087,5,24,4,7,24,4,0,1,66,246)
skyarea(45174,4,24,4,2,24,4,1,0,66,247)
skyarea(45261,5,24,4,3,24,4,1,0,66,248)
skyarea(45349,7,24,4,5,24,4,1,0,65,249)
skyarea(45436,10,24,4,8,24,4,1,0,65,250)
skyarea(45523,14,24,4,12,24,4,1,0,65,251)
skyarea(45610,19,24,4,17,24,4,1,0,66,252)
skyarea(45698,20,24,4,22,24,4,0,1,66,253)
skyarea(45785,19,24,4,21,24,4,0,1,66,254)
flick(45872,6,12,12,16)
skyarea(45872,6,12,12,6,12,12,2,1,44,256)
skyarea(45916,1,12,2,1,12,2,2,1,5363,256)
tap(46047,4,1)
tap(46134,2,2)
tap(46221,2,2)
tap(46395,4,1)
tap(46482,2,2)
tap(46569,2,2)
tap(46744,4,1)
tap(46831,2,2)
tap(46918,2,2)
tap(47093,4,1)
tap(47180,2,2)
tap(47267,2,2)
tap(47442,4,1)
tap(47529,2,2)
tap(47616,2,2)
tap(47791,4,1)
tap(47878,2,2)
tap(47965,2,2)
tap(48140,4,1)
tap(48227,2,2)
tap(48314,2,2)
tap(48488,4,1)
tap(48575,2,2)
tap(48662,2,2)
tap(48837,3,1)
tap(48924,2,2)
tap(49011,2,2)
tap(49186,3,1)
tap(49272,2,2)
tap(49359,2,2)
tap(49535,3,2)
tap(49621,2,2)
tap(49708,2,2)
tap(49884,3,2)
tap(49970,2,2)
tap(50057,2,2)
tap(50233,3,1)
tap(50319,2,2)
tap(50406,2,2)
tap(50582,3,2)
tap(50668,2,2)
tap(50755,2,2)
tap(50930,2,2)
tap(51017,2,2)
tap(51105,2,2)
tap(51279,4,1)
tap(51453,4,1)
tap(51628,1,0)
skyarea(51715,5,24,6,6,24,6,0,0,44,305)
tap(51802,1,1)
skyarea(51802,7,24,6,8,24,6,0,0,44,307)
skyarea(51890,9,24,6,10,24,6,0,0,43,308)
tap(51977,1,5)
skyarea(52064,19,24,6,18,24,6,0,0,44,310)
tap(52151,1,4)
skyarea(52151,17,24,6,16,24,6,0,0,44,312)
skyarea(52239,15,24,6,14,24,6,0,0,43,313)
tap(52326,1,0)
skyarea(52413,5,24,6,6,24,6,0,0,44,315)
tap(52500,1,2)
skyarea(52500,7,24,6,8,24,6,0,0,44,317)
skyarea(52588,9,24,6,10,24,6,0,0,43,318)
tap(52674,1,5)
skyarea(52762,19,24,6,18,24,6,0,0,43,320)
tap(52849,1,3)
skyarea(52849,17,24,6,14,24,6,0,0,131,322)
tap(53023,1,0)
skyarea(53110,12,24,6,13,24,6,0,0,44,324)
tap(53198,1,3)
skyarea(53198,14,24,6,15,24,6,0,0,43,326)
skyarea(53285,16,24,6,17,24,6,0,0,43,327)
tap(53372,1,5)
skyarea(53459,12,24,6,11,24,6,0,0,44,329)
tap(53547,1,2)
skyarea(53547,10,24,6,7,24,6,0,0,130,331)
tap(53721,1,0)
skyarea(53808,12,24,6,13,24,6,0,0,44,333)
tap(53895,1,4)
skyarea(53896,14,24,6,15,24,6,0,0,43,335)
skyarea(53983,16,24,6,17,24,6,0,0,43,336)
tap(54070,1,5)
skyarea(54157,12,24,6,11,24,6,0,0,44,338)
tap(54244,1,1)
skyarea(54245,10,24,6,9,24,6,0,0,43,340)
skyarea(54332,8,24,6,7,24,6,0,0,43,341)
tap(54419,1,0)
skyarea(54506,5,24,6,6,24,6,0,0,44,343)
tap(54593,1,3)
skyarea(54593,7,24,6,8,24,6,0,0,44,345)
skyarea(54681,9,24,6,10,24,6,0,0,43,346)
tap(54767,1,5)
skyarea(54855,19,24,6,18,24,6,0,0,44,348)
tap(54942,1,2)
skyarea(54942,17,24,6,16,24,6,0,0,44,350)
skyarea(55030,15,24,6,14,24,6,0,0,43,351)
tap(55116,1,0)
skyarea(55203,12,24,6,13,24,6,0,0,44,353)
tap(55291,1,2)
skyarea(55291,14,24,6,15,24,6,0,0,43,355)
skyarea(55378,16,24,6,17,24,6,0,0,43,356)
tap(55465,1,5)
skyarea(55552,12,24,6,11,24,6,0,0,44,358)
tap(55640,1,3)
skyarea(55640,10,24,6,7,24,6,0,0,130,360)
tap(55814,4,1)
flick(56163,7,12,10,4)
flick(56337,7,12,4,16)
flick(56424,5,12,4,4)
flick(56511,7,12,4,16)
flick(56686,6,12,8,4)
flick(56860,7,12,4,16)
flick(56947,5,12,4,4)
flick(57035,7,12,4,16)
tap(57209,1,0)
tap(57209,1,4)
skyarea(57209,2,12,4,4,12,4,0,0,44,372)
skyarea(57297,6,12,4,8,12,4,1,1,43,373)
skyarea(57384,8,12,4,7,12,4,2,2,43,374)
skyarea(57471,5,12,4,3,12,4,0,0,44,375)
tap(57558,1,0)
tap(57558,2,3)
skyarea(57558,2,12,4,4,12,4,0,0,44,378)
skyarea(57646,6,12,4,8,12,4,1,1,43,379)
skyarea(57733,8,12,4,7,12,4,2,2,43,380)
skyarea(57820,5,12,4,3,12,4,0,0,44,381)
tap(57907,3,2)
tap(57907,1,0)
skyarea(57907,2,12,4,4,12,4,0,0,44,384)
skyarea(57995,6,12,4,8,12,4,1,1,43,385)
skyarea(58082,8,12,4,7,12,4,2,2,43,386)
skyarea(58169,5,12,4,3,12,4,0,0,44,387)
tap(58256,1,0)
tap(58256,4,1)
skyarea(58256,2,12,4,4,12,4,0,0,44,390)
skyarea(58344,6,12,4,8,12,4,1,1,43,391)
skyarea(58430,32,48,16,12,48,16,2,2,131,392)
tap(58605,2,1)
tap(58605,1,5)
skyarea(58605,4,24,8,7,24,8,0,0,44,395)
skyarea(58693,10,24,8,13,24,8,0,0,43,396)
skyarea(58780,15,24,8,17,24,8,0,0,44,397)
skyarea(58867,19,24,8,20,24,8,1,1,44,398)
tap(58953,2,3)
tap(58953,1,0)
skyarea(58953,20,24,8,17,24,8,0,0,44,401)
skyarea(59041,14,24,8,11,24,8,0,0,43,402)
skyarea(59128,9,24,8,7,24,8,0,0,44,403)
skyarea(59215,5,24,8,4,24,8,1,1,44,404)
tap(59302,2,1)
tap(59302,1,5)
skyarea(59302,4,24,8,7,24,8,0,0,44,407)
skyarea(59390,10,24,8,13,24,8,0,0,43,408)
skyarea(59477,15,24,8,17,24,8,0,0,44,409)
skyarea(59564,19,24,8,20,24,8,1,1,44,410)
tap(59651,2,2)
flick(59651,8,12,8,16)
tap(59826,2,2)
flick(59826,8,12,8,4)
tap(60000,1,1)
tap(60000,1,5)
skyarea(60000,10,12,4,8,12,4,0,0,44,417)
skyarea(60088,6,12,4,4,12,4,1,1,43,418)
skyarea(60175,4,12,4,5,12,4,2,2,43,419)
skyarea(60262,7,12,4,9,12,4,0,0,44,420)
tap(60349,1,5)
tap(60349,2,1)
skyarea(60349,10,12,4,8,12,4,0,0,44,423)
skyarea(60437,6,12,4,4,12,4,1,1,43,424)
skyarea(60524,4,12,4,5,12,4,2,2,43,425)
skyarea(60611,7,12,4,9,12,4,0,0,44,426)
tap(60698,1,5)
tap(60698,3,1)
skyarea(60698,10,12,4,8,12,4,0,0,44,429)
skyarea(60786,6,12,4,4,12,4,1,1,43,430)
skyarea(60873,4,12,4,5,12,4,2,2,43,431)
skyarea(60960,7,12,4,9,12,4,0,0,44,432)
tap(61047,1,5)
tap(61047,4,1)
skyarea(61047,10,12,4,8,12,4,0,0,44,435)
skyarea(61135,6,12,4,4,12,4,1,1,43,436)
skyarea(61221,16,48,16,36,48,16,2,2,131,437)
tap(61395,2,3)
tap(61396,1,0)
skyarea(61396,20,24,8,17,24,8,0,0,44,440)
skyarea(61484,14,24,8,11,24,8,0,0,43,441)
skyarea(61571,9,24,8,7,24,8,0,0,44,442)
skyarea(61658,5,24,8,4,24,8,1,1,44,443)
tap(61744,2,1)
tap(61744,1,5)
skyarea(61744,4,24,8,7,24,8,0,0,44,446)
skyarea(61832,10,24,8,13,24,8,0,0,43,447)
skyarea(61919,15,24,8,17,24,8,0,0,44,448)
skyarea(62006,19,24,8,20,24,8,1,1,44,449)
tap(62093,2,3)
tap(62093,1,0)
skyarea(62093,20,24,8,17,24,8,0,0,44,452)
skyarea(62181,14,24,8,11,24,8,0,0,43,453)
skyarea(62268,9,24,8,7,24,8,0,0,44,454)
skyarea(62355,5,24,8,4,24,8,1,1,44,455)
tap(62442,2,2)
flick(62442,4,12,8,4)
tap(62616,2,2)
flick(62616,4,12,8,16)
tap(62791,1,1)
tap(62791,1,3)
skyarea(62791,7,8,2,1,8,2,0,0,1221,462)
tap(62965,1,3)
tap(62965,1,1)
tap(63140,1,3)
tap(63140,1,1)
tap(63314,1,3)
tap(63314,1,1)
tap(63488,1,1)
tap(63488,1,3)
tap(63663,1,3)
tap(63663,1,1)
tap(63837,1,3)
tap(63837,1,1)
tap(64012,3,1)
tap(64186,1,2)
tap(64186,1,4)
skyarea(64186,9,10,2,1,10,2,0,0,1221,478)
tap(64360,1,4)
tap(64360,1,2)
tap(64535,1,2)
tap(64535,1,4)
tap(64709,1,4)
tap(64709,1,2)
tap(64884,1,2)
tap(64884,1,4)
tap(65058,1,4)
tap(65058,1,2)
tap(65233,1,4)
tap(65233,1,2)
tap(65407,3,2)
tap(65581,1,4)
skyarea(65581,11,12,2,1,12,2,0,0,1396,493)
tap(65669,1,1)
tap(65756,1,4)
tap(65843,1,1)
tap(65930,1,4)
tap(66017,1,1)
tap(66105,1,4)
tap(66192,1,1)
tap(66279,1,3)
tap(66366,1,2)
tap(66453,1,3)
tap(66541,1,2)
tap(66628,1,3)
tap(66715,1,2)
tap(66802,1,3)
tap(66890,1,2)
flick(66977,2,12,4,4)
flick(67326,10,12,4,16)
flick(67500,5,12,4,4)
flick(67587,7,12,4,16)
flick(67674,5,12,4,4)
flick(67849,6,12,8,16)
flick(68023,5,12,4,4)
flick(68110,7,12,4,16)
flick(68198,5,12,4,4)
hold(68372,5,1,5233)
skyarea(68372,7,10,2,3,10,2,1,1,175,519)
skyarea(68547,3,10,2,7,10,2,2,2,174,519)
skyarea(68721,10,20,12,10,20,12,0,0,44,519)
skyarea(68765,10,20,10,10,20,10,0,0,43,519)
skyarea(68808,10,20,8,10,20,8,0,0,44,519)
skyarea(68852,10,20,6,10,20,6,0,0,43,519)
skyarea(68895,10,20,8,10,20,8,0,0,88,519)
skyarea(68983,10,20,12,10,20,12,0,0,87,519)
skyarea(69070,14,20,4,6,20,4,0,0,174,519)
skyarea(69244,6,20,4,6,20,4,0,0,523,519)
skyarea(69767,6,20,4,14,20,4,0,0,349,519)
skyarea(70116,14,20,4,6,20,4,1,1,175,519)
skyarea(70291,6,20,4,14,20,4,1,1,174,519)
skyarea(70465,14,20,4,6,20,4,1,1,175,519)
skyarea(70640,6,20,4,10,20,12,1,2,174,519)
skyarea(70814,3,10,2,3,10,2,0,0,349,519)
skyarea(71163,3,10,4,7,10,4,0,0,697,519)
skyarea(71860,14,20,4,6,20,4,0,0,175,519)
skyarea(72035,6,20,4,6,20,4,0,0,523,519)
skyarea(72558,6,20,4,14,20,4,0,0,175,519)
skyarea(72733,14,20,4,14,20,4,0,0,174,519)
skyarea(72907,14,20,4,6,20,4,1,1,175,519)
skyarea(73082,6,20,4,14,20,4,1,1,174,519)
skyarea(73256,14,20,4,6,20,4,1,1,174,519)
skyarea(73430,6,20,4,10,20,12,2,2,175,519)
tap(68721,1,0)
flick(68721,6,12,12,16)
tap(69419,1,0)
flick(69419,6,12,12,16)
hold(69767,1,4,698)
tap(70116,1,0)
flick(70116,6,12,12,16)
tap(70814,1,0)
flick(70814,6,12,12,16)
tap(71512,1,0)
flick(71512,5,10,10,16)
tap(72209,1,0)
flick(72209,6,12,12,16)
tap(72907,1,0)
flick(72907,6,12,12,16)
tap(73605,1,0)
flick(73605,6,12,12,16)
hold(73953,0,1,5233)
skyarea(73953,3,10,2,7,10,2,1,1,175,538)
skyarea(74128,7,10,2,3,10,2,2,2,174,538)
skyarea(74302,10,20,12,10,20,12,0,0,44,538)
skyarea(74346,10,20,10,10,20,10,0,0,43,538)
skyarea(74389,10,20,8,10,20,8,0,0,44,538)
skyarea(74433,10,20,6,10,20,6,0,0,43,538)
skyarea(74476,10,20,8,10,20,8,0,0,88,538)
skyarea(74564,10,20,12,10,20,12,0,0,87,538)
skyarea(74651,6,20,4,14,20,4,0,0,174,538)
skyarea(74825,14,20,4,14,20,4,0,0,523,538)
skyarea(75348,14,20,4,6,20,4,0,0,349,538)
skyarea(75697,6,20,4,14,20,4,1,1,175,538)
skyarea(75872,14,20,4,6,20,4,1,1,174,538)
skyarea(76046,6,20,4,14,20,4,1,1,175,538)
skyarea(76221,14,20,4,10,20,12,2,1,174,538)
skyarea(76395,7,10,2,7,10,2,0,0,349,538)
skyarea(76744,7,10,4,3,10,4,0,0,698,538)
skyarea(77442,3,10,2,7,10,2,0,0,174,538)
skyarea(77616,14,20,4,14,20,4,0,0,523,538)
skyarea(78139,14,20,4,6,20,4,0,0,175,538)
skyarea(78314,6,20,4,6,20,4,0,0,174,538)
skyarea(78488,6,20,4,14,20,4,1,1,175,538)
skyarea(78663,14,20,4,6,20,4,1,1,174,538)
skyarea(78837,6,20,4,14,20,4,1,1,174,538)
skyarea(79011,14,20,4,10,20,12,2,2,175,538)
tap(74302,1,5)
flick(74302,6,12,12,4)
tap(75000,1,5)
flick(75000,6,12,12,4)
hold(75349,1,4,698)
flick(75697,6,12,12,4)
tap(75698,1,5)
tap(76395,1,5)
flick(76395,6,12,12,4)
tap(77093,1,5)
flick(77093,10,20,20,4)
flick(77180,9,20,8,16)
flick(77267,8,20,8,4)
flick(77790,6,12,12,4)
tap(77791,1,5)
tap(78488,1,5)
flick(78488,6,12,12,4)
tap(79186,1,5)
flick(79186,6,12,12,4)
hold(79535,4,1,698)
hold(79535,3,1,698)
flick(79535,13,20,6,16)
skyarea(79535,7,10,2,3,10,2,1,1,175,561)
skyarea(79710,3,10,2,7,10,2,2,2,174,561)
skyarea(79884,10,20,12,10,20,12,0,0,44,561)
skyarea(79928,10,20,10,10,20,10,0,0,43,561)
skyarea(79971,10,20,8,10,20,8,0,0,44,561)
skyarea(80015,10,20,6,10,20,6,0,0,43,561)
skyarea(80058,10,20,8,10,20,8,0,0,88,561)
skyarea(80146,10,20,12,10,20,12,0,0,87,561)
skyarea(80233,14,20,4,6,20,4,0,0,174,561)
skyarea(80407,6,20,4,6,20,4,0,0,523,561)
skyarea(80930,6,20,4,14,20,4,0,0,349,561)
skyarea(81279,14,20,4,6,20,4,1,1,175,561)
skyarea(81454,6,20,4,14,20,4,1,1,174,561)
skyarea(81628,14,20,4,6,20,4,1,1,175,561)
skyarea(81803,6,20,4,10,20,12,1,2,174,561)
skyarea(81977,3,10,2,3,10,2,0,0,349,561)
skyarea(82326,3,10,4,7,10,4,0,0,697,561)
skyarea(83023,14,20,4,6,20,4,0,0,175,561)
skyarea(83198,6,20,4,6,20,4,0,0,523,561)
tap(79884,1,0)
flick(79884,6,12,12,16)
flick(80233,13,20,6,16)
tap(80581,1,0)
flick(80582,6,12,12,16)
hold(80930,4,1,698)
hold(80930,3,1,698)
flick(80930,5,20,6,16)
tap(81279,1,0)
flick(81279,6,12,12,16)
flick(81628,13,20,6,16)
tap(81977,1,0)
flick(81977,6,12,12,16)
hold(82326,3,2,697)
flick(82326,5,20,6,16)
tap(82674,1,0)
flick(82675,5,10,10,16)
flick(83023,13,20,6,16)
tap(83372,1,0)
flick(83372,6,12,12,16)
tap(83721,4,1)
flick(83721,12,20,16,4)
flick(84048,1,30,2,16)
flick(84059,2,30,4,16)
tap(84070,4,1)
flick(84070,6,30,12,16)
flick(84081,2,30,4,16)
flick(84092,1,30,2,16)
flick(84223,29,30,2,4)
flick(84234,28,30,4,4)
tap(84244,4,1)
flick(84245,24,30,12,4)
flick(84256,28,30,4,4)
flick(84267,29,30,2,4)
flick(84397,1,30,2,16)
flick(84408,2,30,4,16)
tap(84419,4,1)
flick(84419,6,30,12,16)
flick(84430,2,30,4,16)
flick(84441,1,30,2,16)
flick(84746,29,30,2,4)
flick(84757,28,30,4,4)
tap(84767,4,1)
flick(84768,24,30,12,4)
flick(84779,28,30,4,4)
flick(84790,29,30,2,4)
hold(85116,1,1,698)
hold(85116,2,1,698)
flick(85116,7,20,6,4)
skyarea(85116,3,10,2,7,10,2,1,1,175,611)
skyarea(85291,7,10,2,3,10,2,2,2,174,611)
skyarea(85465,10,20,12,10,20,12,0,0,44,611)
skyarea(85509,10,20,10,10,20,10,0,0,43,611)
skyarea(85552,10,20,8,10,20,8,0,0,44,611)
skyarea(85596,10,20,6,10,20,6,0,0,43,611)
skyarea(85639,10,20,8,10,20,8,0,0,88,611)
skyarea(85727,10,20,12,10,20,12,0,0,87,611)
skyarea(85814,6,20,4,14,20,4,0,0,174,611)
skyarea(85988,14,20,4,14,20,4,0,0,523,611)
skyarea(86511,14,20,4,6,20,4,0,0,349,611)
skyarea(86860,6,20,4,14,20,4,1,1,175,611)
skyarea(87035,14,20,4,6,20,4,1,1,174,611)
skyarea(87209,6,20,4,14,20,4,1,1,175,611)
skyarea(87384,14,20,4,10,20,12,2,1,174,611)
skyarea(87558,7,10,2,7,10,2,0,0,349,611)
skyarea(87907,7,10,4,3,10,4,0,0,697,611)
skyarea(88604,6,20,4,14,20,4,0,0,175,611)
skyarea(88779,14,20,4,14,20,4,0,0,523,611)
skyarea(89302,1,10,2,1,10,2,1,0,1047,611)
skyarea(90349,1,10,2,1,10,2,1,0,349,611)
skyarea(90698,1,10,2,2,10,4,0,0,1395,611)
skyarea(92093,2,10,4,8,10,4,0,0,4186,611)
skyarea(96279,8,10,4,2,10,4,0,0,4186,611)
skyarea(100465,4,20,8,9,80,18,0,0,1221,611)
tap(85465,1,5)
flick(85465,6,12,12,4)
flick(85814,7,20,6,4)
tap(86163,1,5)
flick(86163,6,12,12,4)
hold(86512,2,1,697)
hold(86512,1,1,697)
flick(86512,15,20,6,4)
tap(86860,1,5)
flick(86860,6,12,12,4)
flick(87209,7,20,6,4)
tap(87558,1,5)
flick(87558,6,12,12,4)
hold(87907,1,2,698)
flick(87907,15,20,6,4)
tap(88256,1,5)
flick(88256,10,20,20,4)
flick(88343,9,20,8,16)
flick(88430,8,20,8,4)
flick(88605,7,20,6,4)
tap(88953,1,5)
flick(88953,6,12,12,4)
hold(89302,0,1,1047)
hold(89302,5,1,1047)
flick(89302,8,20,16,16)
tap(90349,1,3)
tap(90349,1,4)
tap(90349,1,1)
tap(90349,1,2)
tap(90698,2,2)
tap(90698,1,0)
tap(91047,1,5)
tap(91047,2,2)
tap(91395,2,2)
tap(91570,1,0)
tap(91744,2,2)
tap(91744,1,5)
tap(92093,1,0)
tap(92093,2,2)
tap(92442,1,5)
tap(92442,2,2)
tap(92791,2,2)
tap(92965,1,0)
tap(93140,2,2)
tap(93140,1,5)
tap(93488,1,0)
tap(93488,2,2)
tap(93837,1,5)
tap(93837,2,2)
tap(94186,2,2)
tap(94360,1,0)
tap(94535,2,2)
tap(94535,1,5)
tap(94884,2,2)
tap(94884,1,0)
tap(95233,1,5)
tap(95233,2,2)
hold(95494,0,1,611)
hold(95494,5,1,611)
tap(95581,2,1)
tap(95756,2,1)
tap(95930,2,3)
tap(96105,2,3)
tap(96279,1,5)
tap(96279,4,1)
tap(96628,1,0)
tap(96628,4,1)
tap(96977,4,1)
tap(97151,1,5)
tap(97325,1,0)
tap(97326,4,1)
tap(97674,4,1)
tap(97674,1,5)
tap(98023,1,0)
tap(98023,4,1)
tap(98372,4,1)
tap(98546,1,5)
tap(98721,4,1)
tap(98721,1,0)
tap(99069,1,5)
tap(99070,4,1)
tap(99418,1,0)
tap(99419,4,1)
tap(99767,4,1)
tap(99941,1,5)
tap(100116,1,0)
tap(100116,4,1)
tap(100465,4,1)
tap(100465,1,5)
tap(100814,1,0)
tap(100814,4,1)
hold(101076,0,1,610)
hold(101076,5,1,610)
tap(101163,2,3)
tap(101337,2,3)
tap(101512,2,1)
tap(101686,2,1)
hold(101860,1,1,175)
hold(101860,4,1,175)
flick(101860,2,24,4,4)
flick(101860,19,24,6,4)
skyarea(101860,10,24,20,4,24,8,0,0,1047,713)
hold(102209,3,2,175)
hold(102209,1,2,175)
flick(102209,15,24,6,4)
flick(102209,2,24,4,4)
hold(102558,1,4,175)
flick(102558,2,24,4,4)
flick(102558,11,24,6,4)
hold(102907,1,4,174)
flick(102907,6,12,12,4)
hold(103256,4,1,175)
hold(103256,1,1,174)
flick(103256,22,24,4,16)
flick(103256,5,24,6,16)
skyarea(103256,14,24,20,20,24,8,0,0,1047,727)
hold(103605,1,2,174)
hold(103605,3,2,175)
flick(103605,22,24,4,16)
flick(103605,9,24,6,16)
hold(103953,1,4,175)
flick(103954,13,24,6,16)
flick(103954,22,24,4,16)
hold(104302,1,4,175)
flick(104302,6,12,12,16)
hold(104651,1,2,175)
hold(104651,3,2,175)
flick(104651,11,24,6,4)
flick(104651,2,24,4,4)
skyarea(104651,6,24,12,4,24,8,0,0,349,741)
hold(105000,4,1,174)
hold(105000,1,3,174)
flick(105000,6,12,12,4)
hold(105349,1,2,174)
hold(105349,3,2,174)
flick(105349,13,24,6,16)
flick(105349,22,24,4,16)
skyarea(105349,18,24,12,20,24,8,0,0,349,749)
hold(105698,2,3,174)
hold(105698,1,1,174)
flick(105698,6,12,12,16)
hold(106047,4,1,174)
hold(106047,1,2,174)
flick(106047,2,24,4,4)
flick(106047,21,24,6,4)
skyarea(106047,11,24,22,4,24,8,0,0,349,757)
flick(106395,6,12,12,4)
hold(106396,1,1,174)
hold(106396,3,2,174)
hold(106744,1,2,175)
hold(106744,3,2,175)
flick(106744,19,24,10,16)
skyarea(106744,19,24,10,19,24,10,0,1,21,764)
flick(106918,13,24,6,16)
flick(106918,22,24,4,16)
skyarea(106918,17,24,14,17,24,14,0,1,22,767)
flick(107092,11,12,2,16)
flick(107092,9,24,6,16)
skyarea(107092,15,24,18,15,24,18,0,1,22,770)
hold(107093,1,4,174)
flick(107267,22,24,4,16)
flick(107267,5,24,6,16)
skyarea(107267,13,24,22,13,24,22,0,1,22,774)
tap(107442,1,2)
tap(107442,1,3)
skyarea(107442,1,10,2,9,10,2,0,0,1221,777)
tap(107616,1,2)
tap(107616,1,3)
tap(107791,1,3)
tap(107791,1,2)
tap(107965,1,3)
tap(107965,1,2)
tap(108140,1,2)
tap(108140,1,3)
tap(108314,1,2)
tap(108314,1,3)
tap(108488,1,3)
tap(108488,1,2)
tap(108663,2,2)
tap(108837,1,1)
skyarea(108837,1,12,2,11,12,2,0,0,1396,792)
tap(108925,1,4)
tap(109012,1,1)
tap(109099,1,4)
tap(109186,1,1)
tap(109274,1,4)
tap(109361,1,1)
tap(109448,1,4)
tap(109535,1,2)
tap(109622,1,3)
tap(109709,1,2)
tap(109797,1,3)
tap(109884,1,2)
tap(109971,1,3)
tap(110058,1,2)
tap(110145,1,3)
flick(110233,10,12,4,16)
skyarea(111105,20,24,4,22,24,4,0,1,66,809)
skyarea(111192,19,24,4,21,24,4,0,1,66,810)
skyarea(111280,17,24,4,19,24,4,0,1,65,811)
skyarea(111367,14,24,4,16,24,4,0,1,65,812)
skyarea(111454,10,24,4,12,24,4,0,1,65,813)
skyarea(111541,5,24,4,7,24,4,0,1,66,814)
hold(111628,1,1,1046)
skyarea(111628,4,24,4,2,24,4,1,0,66,816)
skyarea(111715,5,24,4,3,24,4,1,0,66,817)
skyarea(111803,7,24,4,5,24,4,1,0,65,818)
skyarea(111890,10,24,4,8,24,4,1,0,65,819)
skyarea(111977,14,24,4,12,24,4,1,0,65,820)
skyarea(112064,19,24,4,17,24,4,1,0,66,821)
skyarea(112151,20,24,4,22,24,4,0,1,66,822)
skyarea(112238,19,24,4,21,24,4,0,1,66,823)
skyarea(112326,17,24,4,19,24,4,0,1,65,824)
skyarea(112413,14,24,4,16,24,4,0,1,65,825)
skyarea(112500,10,24,4,12,24,4,0,1,65,826)
skyarea(112587,5,24,4,7,24,4,0,1,66,827)
flick(112674,1,12,2,4)
flick(112696,3,12,2,4)
flick(112718,5,12,2,4)
flick(112740,7,12,2,4)
flick(112762,9,12,2,4)
flick(112783,11,12,2,4)
flick(113023,8,12,8,16)
skyarea(113023,8,12,8,8,12,8,0,0,44,835)
skyarea(113067,16,24,4,16,24,4,0,0,131,835)
flick(113372,4,12,8,4)
skyarea(113372,8,24,16,8,24,16,0,0,44,837)
skyarea(113416,8,24,4,8,24,4,0,0,131,837)
tap(113721,1,0)
tap(113808,1,2)
tap(113895,1,3)
tap(113983,1,5)
flick(114070,7,12,4,4)
flick(114157,5,12,4,16)
flick(114244,7,12,4,4)
flick(114331,5,12,4,16)
tap(114419,1,5)
tap(114506,1,3)
tap(114593,1,2)
tap(114680,1,0)
tap(114767,1,2)
tap(114855,1,3)
tap(114942,1,5)
tap(115029,1,3)
tap(115116,1,2)
tap(115203,1,0)
tap(115291,1,2)
tap(115378,1,3)
flick(115465,10,12,4,4)
skyarea(115465,11,12,2,6,12,4,2,2,175,859)
flick(115640,4,12,8,16)
flick(115661,6,12,2,16)
tap(115814,1,0)
tap(115901,1,2)
tap(115988,1,3)
tap(116075,1,5)
tap(116162,1,3)
tap(116250,1,2)
tap(116337,1,0)
tap(116424,1,2)
tap(116511,1,3)
tap(116598,1,5)
tap(116686,1,3)
tap(116773,1,2)
flick(116860,5,12,4,4)
flick(116948,7,12,4,16)
flick(117035,5,12,4,4)
flick(117122,7,12,4,16)
tap(117209,1,5)
tap(117296,1,3)
tap(117383,1,2)
tap(117470,1,0)
tap(117557,1,2)
tap(117645,1,3)
tap(117732,1,5)
tap(117819,1,3)
tap(117906,1,2)
tap(117993,1,0)
tap(118081,1,2)
tap(118168,1,3)
flick(118256,10,12,4,4)
flick(118343,10,12,4,16)
flick(118430,2,12,4,4)
flick(118517,2,12,4,16)
skyarea(118605,6,12,12,6,12,12,1,0,43,894)
skyarea(118648,6,12,2,6,12,2,1,0,131,894)
tap(118953,4,1)
tap(119040,2,2)
tap(119127,2,2)
tap(119214,4,1)
tap(119302,2,2)
tap(119389,2,2)
tap(119476,4,1)
skyarea(119651,1,24,2,2,24,4,0,0,44,902)
skyarea(119738,7,24,6,8,24,8,0,0,44,903)
skyarea(119826,17,24,10,18,24,12,0,0,43,904)
tap(120000,1,0)
tap(120087,1,1)
tap(120174,1,2)
tap(120261,1,5)
tap(120349,1,2)
tap(120436,1,1)
tap(120523,1,0)
tap(120610,1,1)
tap(120698,1,2)
tap(120784,1,5)
tap(120872,1,2)
tap(120959,1,1)
flick(121047,2,12,4,16)
skyarea(121047,1,12,2,6,12,4,2,2,175,918)
flick(121222,8,12,8,4)
flick(121243,6,12,2,4)
tap(121395,1,5)
tap(121482,1,4)
tap(121569,1,3)
tap(121656,1,0)
tap(121744,1,3)
tap(121831,1,4)
tap(121918,1,5)
tap(122005,1,4)
tap(122093,1,3)
tap(122179,1,0)
tap(122267,1,3)
tap(122354,1,4)
flick(122442,7,12,4,16)
flick(122530,5,12,4,4)
flick(122617,7,12,4,16)
flick(122704,5,12,4,4)
tap(122791,1,0)
tap(122878,4,1)
tap(122965,4,1)
tap(123052,1,5)
tap(123140,4,1)
tap(123227,4,1)
tap(123314,1,0)
tap(123401,4,1)
tap(123488,4,1)
tap(123575,1,5)
tap(123663,4,1)
tap(123750,4,1)
skyarea(123837,6,24,12,7,24,10,0,0,44,949)
skyarea(123924,16,24,8,17,24,6,0,0,44,950)
skyarea(124012,22,24,4,23,24,2,0,0,43,951)
hold(124186,3,2,327)
hold(124186,1,2,327)
hold(124535,1,4,327)
skyarea(124884,3,12,4,3,12,4,0,0,87,955)
skyarea(124971,6,12,10,6,12,10,0,0,22,955)
skyarea(124993,9,12,4,9,12,4,0,0,65,955)
skyarea(125058,6,12,10,6,12,10,0,0,22,955)
skyarea(125080,3,12,4,3,12,4,0,0,65,955)
skyarea(125145,6,12,10,6,12,10,0,0,22,955)
skyarea(125167,9,12,4,9,12,4,0,0,65,955)
tap(125233,2,2)
tap(125320,2,2)
tap(125407,2,2)
tap(125494,2,2)
flick(125581,6,12,8,16)
skyarea(125581,8,24,8,8,24,8,0,0,66,961)
skyarea(125647,7,12,10,7,12,10,1,0,22,961)
skyarea(125669,10,12,4,10,12,4,1,0,87,961)
flick(125843,6,12,8,16)
skyarea(125843,8,24,8,8,24,8,0,0,66,963)
skyarea(125909,7,12,10,7,12,10,1,0,22,963)
skyarea(125931,10,12,4,10,12,4,1,0,87,963)
flick(126105,6,12,8,16)
skyarea(126105,8,24,8,8,24,8,0,0,66,965)
skyarea(126171,7,12,10,7,12,10,1,0,22,965)
skyarea(126193,10,12,4,10,12,4,1,0,87,965)
flick(126366,6,12,8,16)
skyarea(126366,8,24,8,8,24,8,0,0,66,967)
skyarea(126432,7,12,10,7,12,10,1,0,22,967)
skyarea(126454,10,12,4,10,12,4,1,1,174,967)
skyarea(126628,10,12,4,2,12,4,2,2,174,967)
hold(126628,0,1,174)
tap(126802,3,1)
flick(126977,6,12,8,4)
skyarea(126977,16,24,8,16,24,8,0,0,66,971)
skyarea(127043,5,12,10,5,12,10,0,1,22,971)
skyarea(127065,2,12,4,2,12,4,0,1,87,971)
flick(127239,6,12,8,4)
skyarea(127239,16,24,8,16,24,8,0,0,66,973)
skyarea(127305,5,12,10,5,12,10,0,1,22,973)
skyarea(127327,2,12,4,2,12,4,0,1,87,973)
flick(127501,6,12,8,4)
skyarea(127501,16,24,8,16,24,8,0,0,66,975)
skyarea(127567,5,12,10,5,12,10,0,1,22,975)
skyarea(127589,2,12,4,2,12,4,0,1,87,975)
flick(127762,6,12,8,4)
skyarea(127762,16,24,8,16,24,8,0,0,66,977)
skyarea(127828,5,12,10,5,12,10,0,1,22,977)
skyarea(127850,2,12,4,2,12,4,1,1,174,977)
skyarea(128024,2,12,4,10,12,4,2,2,174,977)
tap(128023,2,2)
tap(128110,2,2)
tap(128198,2,2)
tap(128285,2,2)
flick(128372,6,12,8,16)
skyarea(128372,8,24,8,8,24,8,0,0,66,983)
skyarea(128438,7,12,10,7,12,10,1,0,22,983)
skyarea(128460,10,12,4,10,12,4,1,0,87,983)
flick(128634,6,12,8,16)
skyarea(128634,8,24,8,8,24,8,0,0,66,985)
skyarea(128700,7,12,10,7,12,10,1,0,22,985)
skyarea(128722,10,12,4,10,12,4,1,0,87,985)
flick(128896,6,12,8,16)
skyarea(128896,8,24,8,8,24,8,0,0,66,987)
skyarea(128962,7,12,10,7,12,10,1,0,22,987)
skyarea(128984,10,12,4,10,12,4,1,0,87,987)
flick(129157,6,12,8,16)
skyarea(129157,8,24,8,8,24,8,0,0,66,989)
skyarea(129223,7,12,10,7,12,10,1,0,22,989)
skyarea(129245,10,12,4,10,12,4,1,1,174,989)
skyarea(129419,10,12,4,2,12,4,2,2,174,989)
hold(129419,5,1,174)
tap(129593,3,2)
hold(129767,1,4,175)
flick(130116,6,12,8,4)
skyarea(130116,16,24,8,16,24,8,0,0,66,994)
skyarea(130182,5,12,10,5,12,10,0,1,22,994)
skyarea(130204,2,12,4,2,12,4,0,1,87,994)
flick(130378,6,12,8,4)
skyarea(130378,16,24,8,16,24,8,0,0,66,996)
skyarea(130444,5,12,10,5,12,10,0,1,22,996)
skyarea(130466,2,12,4,2,12,4,0,1,87,996)
flick(130640,6,12,8,4)
skyarea(130640,16,24,8,16,24,8,0,0,66,998)
skyarea(130706,5,12,10,5,12,10,0,1,22,998)
skyarea(130728,2,12,4,2,12,4,0,1,87,998)
skyarea(130815,2,12,4,10,12,4,2,2,173,998)
hold(130814,0,1,174)
tap(130988,3,1)
flick(131163,6,12,8,16)
skyarea(131163,8,24,8,8,24,8,0,0,66,1002)
skyarea(131229,7,12,10,7,12,10,1,0,22,1002)
skyarea(131251,10,12,4,10,12,4,1,0,87,1002)
flick(131425,6,12,8,16)
skyarea(131425,8,24,8,8,24,8,0,0,66,1004)
skyarea(131491,7,12,10,7,12,10,1,0,22,1004)
skyarea(131513,10,12,4,10,12,4,1,0,87,1004)
flick(131687,6,12,8,16)
skyarea(131687,8,24,8,8,24,8,0,0,66,1006)
skyarea(131753,7,12,10,7,12,10,1,0,22,1006)
skyarea(131775,10,12,4,10,12,4,1,0,87,1006)
flick(131948,6,12,8,16)
skyarea(131948,8,24,8,8,24,8,0,0,66,1008)
skyarea(132014,7,12,10,7,12,10,1,0,22,1008)
skyarea(132036,10,12,4,10,12,4,1,1,174,1008)
skyarea(132210,10,12,4,2,12,4,2,2,174,1008)
hold(132209,5,1,175)
tap(132384,3,2)
flick(132558,6,12,8,4)
skyarea(132558,16,24,8,16,24,8,0,0,66,1012)
skyarea(132624,5,12,10,5,12,10,0,1,22,1012)
skyarea(132646,2,12,4,2,12,4,0,1,87,1012)
flick(132820,6,12,8,4)
skyarea(132820,16,24,8,16,24,8,0,0,66,1014)
skyarea(132886,5,12,10,5,12,10,0,1,22,1014)
skyarea(132908,2,12,4,2,12,4,0,1,87,1014)
flick(133082,6,12,8,4)
skyarea(133082,16,24,8,16,24,8,0,0,66,1016)
skyarea(133148,5,12,10,5,12,10,0,1,22,1016)
skyarea(133170,2,12,4,2,12,4,0,1,87,1016)
flick(133343,6,12,8,4)
skyarea(133343,16,24,8,16,24,8,0,0,66,1018)
skyarea(133409,5,12,10,5,12,10,0,1,22,1018)
skyarea(133431,2,12,4,2,12,4,1,1,174,1018)
skyarea(133605,2,12,4,10,12,4,2,2,174,1018)
tap(133605,2,2)
tap(133692,2,2)
tap(133779,2,2)
tap(133866,2,2)
skyarea(133953,20,24,8,3,24,6,1,1,306,1023)
skyarea(134259,3,24,6,12,24,6,2,2,305,1023)
skyarea(134564,12,24,6,21,24,6,1,1,305,1023)
skyarea(134869,21,24,6,4,24,8,2,2,305,1023)
flick(135349,4,12,8,4)
skyarea(135349,8,24,16,8,24,16,0,0,44,1025)
skyarea(135393,8,24,4,8,24,4,0,0,131,1025)
flick(135698,8,12,8,16)
skyarea(135698,16,24,16,16,24,16,0,0,44,1027)
skyarea(135742,16,24,4,16,24,4,0,0,131,1027)
tap(136047,1,0)
tap(136134,2,1)
tap(136221,2,3)
tap(136308,1,5)
skyarea(136395,2,12,4,2,12,4,0,0,44,1032)
skyarea(136483,6,12,4,6,12,4,0,0,43,1033)
skyarea(136570,10,12,4,10,12,4,0,0,43,1034)
tap(136744,2,1)
flick(136744,16,24,16,16)
skyarea(136744,11,24,6,11,24,6,0,0,66,1037)
skyarea(136810,16,24,16,16,24,16,0,0,21,1037)
skyarea(136831,21,24,6,21,24,6,0,0,88,1037)
tap(136831,1,2)
tap(137006,2,1)
flick(137006,16,24,16,16)
skyarea(137006,11,24,6,11,24,6,0,0,66,1041)
skyarea(137072,16,24,16,16,24,16,0,0,21,1041)
skyarea(137093,21,24,6,21,24,6,0,0,88,1041)
tap(137093,1,2)
tap(137267,2,1)
flick(137267,16,24,16,16)
skyarea(137267,11,24,6,11,24,6,0,0,66,1045)
skyarea(137333,16,24,16,16,24,16,0,0,21,1045)
skyarea(137354,21,24,6,21,24,6,0,0,88,1045)
tap(137355,1,2)
tap(137529,2,1)
flick(137529,16,24,16,16)
skyarea(137529,11,24,6,11,24,6,0,0,66,1049)
skyarea(137595,16,24,16,16,24,16,0,0,21,1049)
skyarea(137616,21,24,6,21,24,6,2,0,175,1049)
skyarea(137791,21,24,6,4,24,8,2,2,174,1049)
tap(137616,1,2)
hold(137791,0,1,174)
tap(138140,2,3)
flick(138140,8,24,16,4)
skyarea(138140,13,24,6,13,24,6,0,0,66,1054)
skyarea(138206,8,24,16,8,24,16,0,0,21,1054)
skyarea(138227,3,24,6,3,24,6,0,0,88,1054)
tap(138227,1,3)
tap(138401,2,3)
flick(138401,4,12,8,4)
skyarea(138402,13,24,6,13,24,6,0,0,66,1058)
skyarea(138468,8,24,16,8,24,16,0,0,21,1058)
skyarea(138489,3,24,6,3,24,6,0,0,88,1058)
tap(138488,1,3)
tap(138663,2,3)
flick(138663,8,24,16,4)
skyarea(138663,13,24,6,13,24,6,0,0,66,1062)
skyarea(138729,8,24,16,8,24,16,0,0,21,1062)
skyarea(138750,3,24,6,3,24,6,0,0,88,1062)
tap(138750,1,3)
tap(138924,2,3)
flick(138924,4,12,8,4)
skyarea(138925,13,24,6,13,24,6,0,0,66,1066)
skyarea(138991,8,24,16,8,24,16,0,0,21,1066)
skyarea(139012,3,24,6,3,24,6,2,2,174,1066)
skyarea(139186,3,24,6,20,24,8,2,2,174,1066)
tap(139012,1,3)
hold(139186,5,1,174)
tap(139535,2,1)
flick(139535,4,12,8,16)
tap(139622,2,2)
tap(139797,2,3)
flick(139797,8,12,8,4)
tap(139884,2,2)
tap(140058,2,1)
flick(140058,4,12,8,16)
tap(140145,2,2)
tap(140320,2,3)
flick(140320,8,12,8,4)
tap(140407,2,2)
hold(140581,0,1,175)
hold(140581,5,1,175)
skyarea(140581,6,24,12,7,24,10,0,0,44,1083)
skyarea(140668,16,24,8,17,24,6,0,0,44,1084)
skyarea(140756,22,24,4,23,24,2,0,0,43,1085)
flick(140930,8,12,8,16)
skyarea(140930,16,24,16,16,24,16,0,0,44,1087)
skyarea(140974,16,24,4,16,24,4,0,0,131,1087)
flick(141279,4,12,8,4)
skyarea(141279,8,24,16,8,24,16,0,0,44,1089)
skyarea(141323,8,24,4,8,24,4,0,0,131,1089)
tap(141628,1,5)
tap(141715,2,3)
tap(141802,2,1)
tap(141889,1,0)
skyarea(141977,18,24,12,17,24,10,0,0,44,1094)
skyarea(142064,8,24,8,7,24,6,0,0,44,1095)
skyarea(142152,2,24,4,1,24,2,0,0,43,1096)
tap(142325,1,5)
flick(142325,8,24,16,4)
skyarea(142325,13,24,6,13,24,6,0,0,66,1099)
skyarea(142391,8,24,16,8,24,16,0,0,21,1099)
skyarea(142412,3,24,6,3,24,6,0,0,88,1099)
tap(142412,1,4)
tap(142587,1,5)
flick(142587,8,24,16,4)
skyarea(142587,13,24,6,13,24,6,0,0,66,1103)
skyarea(142653,8,24,16,8,24,16,0,0,21,1103)
skyarea(142674,3,24,6,3,24,6,0,0,88,1103)
tap(142674,1,4)
tap(142848,1,5)
flick(142848,8,24,16,4)
skyarea(142848,13,24,6,13,24,6,0,0,66,1107)
skyarea(142914,8,24,16,8,24,16,0,0,21,1107)
skyarea(142935,3,24,6,3,24,6,0,0,88,1107)
tap(142935,1,4)
tap(143110,1,5)
flick(143110,8,24,16,4)
skyarea(143110,13,24,6,13,24,6,0,0,66,1111)
skyarea(143176,8,24,16,8,24,16,0,0,21,1111)
skyarea(143197,3,24,6,3,24,6,0,2,175,1111)
skyarea(143372,3,24,6,20,24,8,2,2,174,1111)
tap(143197,1,4)
hold(143372,2,2,175)
tap(143721,1,0)
flick(143721,16,24,16,16)
skyarea(143721,11,24,6,11,24,6,0,0,66,1116)
skyarea(143787,16,24,16,16,24,16,0,0,21,1116)
skyarea(143808,21,24,6,21,24,6,0,0,88,1116)
tap(143808,1,1)
flick(143982,8,12,8,16)
tap(143983,1,0)
skyarea(143983,11,24,6,11,24,6,0,0,66,1120)
skyarea(144049,16,24,16,16,24,16,0,0,21,1120)
skyarea(144070,21,24,6,21,24,6,0,0,88,1120)
tap(144070,1,1)
tap(144244,1,0)
flick(144244,16,24,16,16)
skyarea(144244,11,24,6,11,24,6,0,0,66,1124)
skyarea(144310,16,24,16,16,24,16,0,0,21,1124)
skyarea(144331,21,24,6,21,24,6,0,0,88,1124)
tap(144331,1,1)
flick(144505,8,12,8,16)
tap(144506,1,0)
skyarea(144506,11,24,6,11,24,6,0,0,66,1128)
skyarea(144572,16,24,16,16,24,16,0,0,21,1128)
skyarea(144593,21,24,6,21,24,6,2,2,174,1128)
skyarea(144767,21,24,6,4,24,8,2,2,174,1128)
tap(144593,1,1)
hold(144767,2,2,175)
skyarea(145116,10,20,2,6,12,12,2,2,349,1131)
skyarea(145465,6,12,2,6,12,4,1,1,87,1131)
skyarea(145552,6,12,2,6,12,6,1,1,88,1131)
skyarea(145640,6,12,2,6,12,8,1,1,87,1131)
skyarea(145727,6,12,2,6,12,10,1,1,87,1131)
skyarea(145814,6,12,2,6,12,12,1,1,87,1131)
skyarea(145901,6,12,2,6,12,10,1,1,87,1131)
skyarea(145988,6,12,2,6,12,8,1,1,88,1131)
skyarea(146076,6,12,2,6,12,6,1,1,87,1131)
flick(145465,6,12,2,4)
flick(145552,6,12,2,16)
flick(145640,6,12,2,4)
flick(145727,6,12,2,16)
flick(145814,6,12,2,4)
flick(145901,6,12,2,16)
flick(145988,6,12,2,4)
flick(146076,6,12,2,16)
flick(146163,6,12,12,4)
flick(146250,6,12,12,16)
tap(146512,4,1)
skyarea(146512,6,12,2,6,12,2,2,2,348,1143)
tap(146773,4,1)
tap(146860,1,5)
tap(146860,1,0)
flick(146860,6,12,12,4)
tap(147384,4,1)
hold(147558,5,1,4099)
hold(147558,0,1,4099)
flick(147558,6,12,12,16)
tap(147907,1,4)
flick(147907,11,16,10,4)
tap(147995,1,2)
tap(148082,1,3)
tap(148169,1,1)
tap(148256,1,3)
tap(148343,1,2)
tap(148430,1,4)
tap(148518,1,2)
tap(148605,1,3)
tap(148692,1,1)
tap(148779,1,3)
tap(148867,1,2)
skyarea(148953,8,16,4,8,16,4,0,0,349,1165)
tap(149302,1,1)
flick(149302,5,16,10,16)
tap(149390,1,3)
tap(149477,1,2)
tap(149564,1,4)
tap(149651,1,2)
tap(149738,1,3)
tap(149825,1,1)
tap(149913,1,3)
tap(150000,1,2)
tap(150087,1,4)
tap(150174,1,2)
tap(150262,1,3)
skyarea(150349,8,16,4,8,16,4,0,0,349,1179)
tap(150698,1,4)
flick(150698,11,16,10,4)
tap(150786,1,2)
tap(150873,1,3)
tap(150960,1,1)
tap(151047,1,3)
tap(151134,1,2)
tap(151221,1,4)
tap(151309,1,2)
tap(151396,1,3)
tap(151483,1,1)
tap(151570,1,3)
tap(151658,1,2)
skyarea(151744,8,16,4,8,16,4,0,0,262,1193)
tap(152093,1,1)
flick(152093,3,12,2,16)
tap(152180,1,2)
flick(152180,5,12,2,4)
tap(152267,1,1)
flick(152267,3,12,2,16)
tap(152355,1,2)
flick(152355,5,12,2,4)
tap(152442,1,1)
flick(152442,3,12,2,16)
tap(152616,1,4)
flick(152616,9,12,2,4)
tap(152703,1,3)
flick(152703,7,12,2,16)
tap(152791,1,4)
flick(152791,9,12,2,4)
tap(152878,1,3)
flick(152878,7,12,2,16)
tap(152965,1,4)
flick(152965,9,12,2,4)
tap(153140,1,2)
flick(153140,5,12,2,16)
tap(153227,1,3)
flick(153227,7,12,2,4)
tap(153314,1,2)
flick(153314,5,12,2,16)
tap(153401,1,3)
flick(153401,7,12,2,4)
tap(153488,2,1)
flick(153488,4,12,8,16)
tap(153576,1,3)
tap(153663,1,2)
tap(153750,2,3)
flick(153750,8,12,8,4)
tap(153837,1,2)
tap(153924,1,3)
tap(154012,2,1)
flick(154012,4,12,8,16)
tap(154099,1,3)
tap(154186,1,2)
tap(154273,2,3)
flick(154273,8,12,8,4)
tap(154360,1,2)
tap(154448,1,3)
hold(154535,2,1,174)
hold(154709,3,1,175)
tap(154884,1,5)
tap(154884,1,0)
flick(154884,8,16,16,16)
hold(156279,4,1,327)
skyarea(156279,12,16,2,4,16,2,0,0,1395,1244)
hold(156628,3,2,327)
hold(156977,2,3,327)
hold(157326,1,4,348)
flick(157674,5,16,4,4)
track(785,0.949999988079071)
track(828,0.9000000357627869)
track(872,0.8500000238418579)
track(916,0.800000011920929)
track(959,0.75)
track(1003,0.699999988079071)
track(1047,0.6500000357627869)
track(1090,0.6000000238418579)
track(1134,0.550000011920929)
track(1177,0.5)
track(1221,0.45000001788139343)
track(1265,0.4000000059604645)
track(1308,0.3499999940395355)
track(1352,0.30000001192092896)
track(1395,0.25)
track(22326,0.10000000149011612)
track(22674,2.0)
track(22762,1.75)
track(22849,1.5)
track(22936,1.25)
track(23023,1.0)
track(89302,0.25)
track(90349,1.0)
track(154884,0.25)
