chart(171.0,4.0)
tap(1404,1,5)
tap(1404,1,0)
hold(1404,4,1,1403)
hold(1404,1,1,1403)
flick(1404,25,52,2,4)
flick(1404,27,52,2,16)
skyarea(1404,100,200,2,13,26,12,0,0,526,6)
skyarea(2018,13,26,4,100,200,2,0,0,87,7)
skyarea(2105,100,200,2,13,26,4,0,0,88,7)
tap(2105,2,2)
flick(2105,13,26,6,4)
skyarea(2281,13,26,12,100,200,2,0,0,526,10)
skyarea(2807,56,182,2,8,26,12,0,0,526,10)
hold(2807,3,1,1404)
hold(2807,0,1,1404)
flick(2807,21,52,10,16)
skyarea(3421,8,26,4,56,182,2,0,0,88,14)
skyarea(3509,56,182,2,8,26,4,0,0,87,14)
tap(3509,2,1)
flick(3509,8,26,4,16)
skyarea(3684,8,26,12,56,182,2,0,0,527,17)
skyarea(4211,126,182,2,18,26,12,0,0,526,17)
hold(4211,2,1,1403)
hold(4211,5,1,1403)
flick(4211,13,26,10,4)
skyarea(4825,18,26,4,126,182,2,0,0,88,21)
skyarea(4913,126,182,2,18,26,4,0,0,87,21)
tap(4912,2,3)
flick(4913,18,26,4,4)
skyarea(5088,18,26,12,126,182,2,0,0,526,24)
skyarea(5614,100,200,2,13,26,12,0,0,526,24)
hold(5614,4,1,1404)
hold(5614,1,1,1404)
flick(5614,31,52,10,16)
skyarea(6228,13,26,4,100,200,2,0,0,87,28)
skyarea(6315,100,200,2,13,26,4,0,0,88,28)
flick(6315,13,26,6,16)
tap(6316,2,2)
skyarea(6491,13,26,12,100,200,2,0,0,527,31)
skyarea(7018,13,26,24,13,26,10,0,0,526,31)
hold(7018,3,1,1403)
hold(7018,2,1,1403)
skyarea(7632,13,26,4,100,200,2,0,0,87,34)
skyarea(7719,100,200,2,13,26,4,0,0,88,34)
tap(7719,1,4)
tap(7719,1,1)
flick(7719,13,26,8,4)
skyarea(7895,17,34,6,13,26,4,1,1,175,38)
flick(8070,18,26,14,4)
hold(8421,4,1,1404)
hold(8421,5,1,1404)
skyarea(8421,23,26,6,13,26,6,2,2,468,42)
skyarea(8889,13,26,6,3,26,6,1,1,468,42)
skyarea(9357,3,26,6,13,26,6,2,2,468,42)
skyarea(9825,13,26,6,23,26,6,1,1,468,42)
tap(9123,1,2)
tap(9474,1,3)
hold(9825,0,1,1403)
hold(9825,1,1,1403)
tap(10175,1,3)
tap(10526,1,2)
flick(10526,9,26,18,16)
flick(10570,8,26,14,16)
flick(10614,7,26,10,16)
flick(10657,6,26,6,16)
flick(10702,17,26,18,4)
flick(10746,18,26,14,4)
flick(10790,19,26,10,4)
flick(10833,20,26,6,4)
flick(10877,21,26,2,4)
hold(11228,2,2,1404)
flick(11229,17,26,18,16)
flick(11272,16,26,14,16)
flick(11316,15,26,10,16)
flick(11360,14,26,6,16)
flick(11404,13,26,2,16)
flick(11579,9,26,18,16)
flick(11623,8,26,14,16)
flick(11667,7,26,10,16)
flick(11710,6,26,6,16)
flick(11754,17,26,18,4)
flick(11798,18,26,14,4)
flick(11842,19,26,10,4)
flick(11885,20,26,6,4)
flick(11929,21,26,2,4)
flick(12105,13,26,26,16)
flick(12149,13,26,20,16)
flick(12193,13,26,14,16)
flick(12237,13,26,8,16)
flick(12281,13,26,2,16)
hold(12632,4,1,1052)
hold(12632,5,1,1403)
hold(12632,0,1,1403)
hold(12632,1,1,1052)
flick(12632,7,26,12,16)
flick(12632,19,26,12,4)
skyarea(12632,13,26,24,13,26,10,0,0,526,84)
skyarea(13246,13,26,4,100,200,2,0,0,87,85)
skyarea(13333,100,200,2,13,26,4,0,0,88,85)
skyarea(13509,17,34,6,13,26,4,1,1,175,86)
tap(13684,2,2)
flick(13684,8,26,14,16)
hold(14035,2,2,1404)
skyarea(14035,100,200,2,13,26,12,0,0,526,90)
skyarea(14649,13,26,4,100,200,2,0,0,87,91)
skyarea(14736,100,200,2,13,26,4,0,0,88,91)
hold(14737,5,1,351)
hold(14737,1,1,526)
hold(14737,4,1,526)
hold(14737,0,1,351)
skyarea(14912,13,26,12,100,200,2,0,0,526,96)
skyarea(15438,126,182,2,18,26,12,0,0,526,96)
flick(15438,31,52,10,4)
hold(15439,4,1,1403)
hold(15439,5,1,1403)
tap(15789,1,2)
skyarea(16052,18,26,4,126,182,2,0,0,88,101)
skyarea(16140,126,182,2,18,26,4,0,0,87,101)
tap(16140,1,1)
flick(16140,18,26,6,16)
skyarea(16315,18,26,12,126,182,2,0,0,527,104)
skyarea(16842,56,182,2,8,26,12,0,0,526,104)
tap(16491,1,3)
hold(16842,0,1,1404)
hold(16842,1,1,1404)
flick(16842,13,26,10,16)
tap(17193,1,3)
skyarea(17456,8,26,4,56,182,2,0,0,88,110)
skyarea(17544,56,182,2,8,26,4,0,0,87,110)
tap(17544,1,4)
flick(17544,8,26,6,4)
skyarea(17719,8,26,12,56,182,2,0,0,526,113)
tap(17895,1,2)
hold(18246,2,1,1381)
hold(18246,3,1,1381)
hold(18596,0,1,702)
hold(18596,5,1,702)
flick(18947,17,26,18,4)
flick(18991,18,26,14,4)
flick(19035,19,26,10,4)
flick(19078,20,26,6,4)
flick(19122,9,26,18,16)
flick(19166,8,26,14,16)
flick(19210,7,26,10,16)
flick(19253,6,26,6,16)
flick(19297,5,26,2,16)
hold(19649,1,4,1404)
flick(19825,9,26,18,4)
flick(19868,10,26,14,4)
flick(19912,11,26,10,4)
flick(19956,12,26,6,4)
flick(20000,13,26,2,4)
flick(20175,17,26,18,4)
flick(20219,18,26,14,4)
flick(20263,19,26,10,4)
flick(20306,20,26,6,4)
flick(20350,9,26,18,16)
flick(20394,8,26,14,16)
flick(20438,7,26,10,16)
flick(20481,6,26,6,16)
flick(20525,5,26,2,16)
flick(20570,13,26,20,4)
flick(20613,13,26,14,4)
flick(20657,13,26,8,4)
flick(20701,13,26,2,4)
hold(21053,5,1,2785)
hold(21053,0,1,2785)
tap(21404,1,1)
skyarea(21404,6,26,4,6,26,6,0,0,175,150)
tap(21754,1,2)
skyarea(21754,20,26,6,20,26,4,0,0,176,152)
tap(22105,1,1)
skyarea(22105,10,26,4,10,26,6,0,0,176,154)
tap(22456,1,4)
skyarea(22456,16,26,4,16,26,6,0,0,176,156)
tap(22807,1,3)
skyarea(22807,6,26,6,6,26,4,0,0,175,158)
tap(23158,1,4)
skyarea(23158,20,26,4,20,26,6,0,0,175,160)
hold(23509,2,2,329)
skyarea(23509,13,26,8,13,26,18,2,2,329,162)
flick(23838,13,26,18,4)
hold(23860,1,4,4210)
skyarea(23860,52,104,8,52,104,10,2,2,88,165)
skyarea(23948,52,104,8,52,104,10,2,2,87,165)
skyarea(24035,52,104,8,52,104,10,2,2,88,165)
skyarea(24123,52,104,8,52,104,12,2,2,88,165)
skyarea(24211,52,104,8,52,104,14,2,2,87,165)
skyarea(24298,52,104,8,52,104,16,2,2,87,165)
skyarea(24385,52,104,8,52,104,18,2,2,88,165)
skyarea(24473,52,104,8,52,104,20,2,2,88,165)
skyarea(24561,52,104,8,52,104,22,2,2,88,165)
skyarea(24649,52,104,8,52,104,24,2,2,87,165)
skyarea(24736,52,104,8,52,104,26,2,2,88,165)
skyarea(24824,52,104,8,52,104,28,2,2,88,165)
skyarea(24912,52,104,8,52,104,30,2,2,88,165)
skyarea(25000,52,104,8,52,104,32,2,2,87,165)
skyarea(25087,52,104,8,52,104,34,2,2,88,165)
skyarea(25175,52,104,8,52,104,36,2,2,88,165)
skyarea(25263,52,104,8,52,104,38,2,2,88,165)
skyarea(25351,52,104,8,52,104,40,2,2,87,165)
skyarea(25438,52,104,8,52,104,42,2,2,88,165)
skyarea(25526,52,104,8,52,104,44,2,2,88,165)
skyarea(25614,52,104,8,52,104,46,2,2,88,165)
skyarea(25702,52,104,8,52,104,48,2,2,87,165)
skyarea(25789,52,104,8,52,104,50,2,2,88,165)
skyarea(25877,52,104,8,52,104,52,2,2,88,165)
skyarea(25965,52,104,8,52,104,54,2,2,88,165)
skyarea(26053,52,104,8,52,104,56,2,2,87,165)
skyarea(26140,52,104,8,52,104,58,2,2,88,165)
skyarea(26228,52,104,8,52,104,60,2,2,88,165)
skyarea(26316,52,104,8,52,104,62,2,2,88,165)
skyarea(26404,52,104,8,52,104,64,2,2,87,165)
skyarea(26491,52,104,8,52,104,66,2,2,88,165)
skyarea(26579,52,104,8,52,104,68,2,2,88,165)
skyarea(26667,52,104,8,52,104,70,2,2,87,165)
skyarea(26754,52,104,8,52,104,72,2,2,87,165)
skyarea(26841,52,104,8,52,104,74,2,2,88,165)
skyarea(26929,52,104,8,52,104,76,2,2,89,165)
skyarea(27018,52,104,8,52,104,78,2,2,87,165)
skyarea(27105,52,104,8,52,104,80,2,2,87,165)
skyarea(27192,52,104,8,52,104,82,2,2,88,165)
skyarea(27280,52,104,8,52,104,84,2,2,88,165)
skyarea(27368,52,104,8,52,104,86,2,2,88,165)
skyarea(27456,52,104,8,52,104,88,2,2,87,165)
skyarea(27543,52,104,8,52,104,90,2,2,88,165)
skyarea(27631,52,104,8,52,104,92,2,2,88,165)
skyarea(27719,52,104,8,52,104,94,2,2,88,165)
skyarea(27807,52,104,8,52,104,96,2,2,87,165)
skyarea(27894,52,104,8,52,104,98,2,2,88,165)
skyarea(27982,52,104,8,52,104,100,2,2,88,165)
flick(28070,52,104,104,4)
flick(28114,13,26,6,16)
flick(28772,20,26,4,4)
flick(28860,18,26,6,16)
skyarea(28947,16,26,4,16,26,6,0,0,44,170)
flick(29035,14,26,2,16)
flick(29123,12,26,2,4)
skyarea(29211,10,26,6,10,26,4,0,0,43,173)
flick(29298,8,26,6,4)
flick(29386,6,26,4,16)
tap(29474,1,5)
skyarea(29474,21,26,8,21,26,2,0,0,175,177)
skyarea(29649,21,26,2,21,26,8,0,0,176,177)
tap(29649,1,5)
tap(29737,1,4)
tap(29825,1,1)
flick(29825,19,26,12,16)
tap(30000,1,5)
skyarea(30000,21,26,8,21,26,2,0,0,175,183)
skyarea(30175,21,26,2,21,26,8,0,0,176,183)
tap(30088,1,1)
tap(30175,1,2)
tap(30263,1,1)
tap(30439,1,5)
tap(30526,1,1)
flick(30526,19,26,12,16)
tap(30702,1,5)
hold(30877,5,1,1404)
skyarea(30877,5,42,10,13,42,4,0,0,351,192)
skyarea(31228,13,42,10,15,42,4,1,1,88,192)
skyarea(31316,15,42,10,17,42,4,1,1,88,192)
skyarea(31404,17,42,10,19,42,4,1,1,87,192)
skyarea(31491,19,42,10,21,42,4,1,1,88,192)
skyarea(31579,21,42,4,23,42,10,2,2,88,192)
skyarea(31667,23,42,4,25,42,10,2,2,87,192)
skyarea(31754,25,42,4,27,42,10,2,2,88,192)
skyarea(31842,27,42,4,29,42,10,2,2,88,192)
skyarea(31930,29,42,4,37,42,10,0,0,351,192)
tap(31053,1,4)
tap(31140,1,3)
tap(31228,1,2)
tap(31316,1,3)
tap(31404,1,1)
tap(31491,1,2)
tap(31579,2,1)
tap(31754,1,3)
tap(31842,2,3)
tap(32018,1,2)
tap(32105,2,1)
tap(32193,2,2)
tap(32281,1,0)
flick(32281,5,26,8,16)
hold(32456,0,1,176)
tap(32807,1,1)
skyarea(32807,22,26,4,22,26,6,0,0,88,209)
tap(32895,1,2)
flick(32895,22,26,6,16)
tap(32982,1,4)
skyarea(32982,4,26,4,4,26,6,1,0,88,213)
tap(33070,1,3)
flick(33070,4,26,6,4)
tap(33333,1,1)
tap(33333,2,2)
tap(33333,1,4)
skyarea(33333,13,26,8,13,26,2,0,0,44,219)
skyarea(33377,13,26,2,13,26,8,0,0,44,219)
tap(33684,4,1)
tap(33684,1,5)
flick(33684,21,26,8,4)
hold(33860,5,1,175)
tap(34211,1,4)
tap(34269,1,3)
tap(34327,1,1)
tap(34386,1,2)
skyarea(34561,22,26,8,22,26,8,2,0,22,228)
skyarea(34605,18,26,8,18,26,8,0,0,22,229)
skyarea(34649,8,26,8,8,26,8,0,0,22,230)
skyarea(34693,4,26,8,4,26,8,2,0,22,231)
skyarea(34737,13,26,26,13,26,2,1,1,241,232)
skyarea(34978,13,26,6,13,26,6,1,1,22,232)
tap(35088,1,0)
skyarea(35088,5,26,8,5,26,2,0,0,175,234)
skyarea(35263,5,26,2,5,26,8,0,0,176,234)
tap(35263,1,0)
tap(35351,1,1)
tap(35439,1,4)
flick(35439,7,26,12,4)
tap(35614,1,0)
skyarea(35614,5,26,8,5,26,2,0,0,175,240)
skyarea(35789,5,26,2,5,26,8,0,0,176,240)
tap(35702,1,4)
tap(35789,1,3)
tap(35877,1,4)
tap(36053,1,0)
tap(36140,1,4)
flick(36140,7,26,12,4)
tap(36316,1,0)
hold(36491,0,1,1404)
skyarea(36491,13,26,26,13,26,4,1,1,702,249)
skyarea(37193,13,26,4,13,26,8,2,2,702,249)
tap(36667,1,1)
tap(36754,1,2)
tap(36842,1,3)
tap(36930,1,2)
tap(37018,1,4)
tap(37105,1,3)
tap(37193,2,3)
tap(37368,2,3)
tap(37544,1,3)
tap(37632,2,1)
tap(37719,1,2)
tap(37807,2,2)
tap(37895,1,5)
flick(37895,21,26,8,4)
hold(38070,5,1,526)
tap(38246,1,2)
skyarea(38246,9,26,6,9,26,4,0,0,87,266)
tap(38421,1,1)
tap(38509,1,2)
skyarea(38509,9,26,4,9,26,6,0,0,87,269)
tap(38684,1,3)
skyarea(38684,15,26,6,15,26,4,0,0,88,271)
tap(38860,1,4)
tap(38947,1,3)
skyarea(38947,15,26,4,15,26,6,0,0,88,274)
tap(39123,2,2)
tap(39298,1,0)
flick(39298,5,26,8,16)
hold(39474,0,1,526)
flick(39474,20,26,12,4)
hold(39561,1,4,88)
flick(39561,6,26,12,16)
hold(39912,2,2,636)
flick(39912,20,26,12,4)
tap(40000,1,1)
tap(40000,1,4)
flick(40000,6,26,12,16)
skyarea(40044,13,26,24,13,26,4,2,2,482,287)
skyarea(40526,13,26,8,13,26,8,0,0,22,287)
tap(40702,1,1)
tap(40702,1,0)
flick(40702,7,14,14,16)
flick(40760,2,26,4,4)
flick(40819,3,26,6,16)
flick(40877,4,26,8,4)
flick(40936,3,26,6,16)
flick(40994,2,26,4,4)
tap(41053,2,2)
flick(41053,7,14,14,16)
flick(41111,24,26,4,16)
flick(41170,23,26,6,4)
flick(41228,22,26,8,16)
flick(41287,23,26,6,4)
tap(41316,2,2)
flick(41345,24,26,4,16)
flick(41404,7,14,14,16)
flick(41462,2,26,4,4)
tap(41491,2,2)
flick(41637,3,26,6,16)
flick(41696,2,26,4,4)
tap(41754,2,2)
flick(41754,13,26,26,16)
flick(41813,24,26,4,4)
flick(41871,23,26,6,16)
flick(41930,22,26,8,4)
flick(41988,23,26,6,16)
flick(42047,24,26,4,4)
hold(42105,0,1,1228)
skyarea(42105,37,42,10,29,42,4,0,0,351,317)
skyarea(42456,29,42,10,27,42,4,1,1,88,317)
skyarea(42544,27,42,10,25,42,4,1,1,88,317)
skyarea(42632,25,42,10,23,42,4,1,1,87,317)
skyarea(42719,23,42,10,21,42,4,1,1,88,317)
skyarea(42807,21,42,4,19,42,10,2,2,88,317)
skyarea(42895,19,42,4,17,42,10,2,2,87,317)
skyarea(42982,17,42,4,15,42,10,2,2,88,317)
skyarea(43070,15,42,4,13,42,10,2,2,88,317)
skyarea(43158,13,42,4,5,42,10,0,0,351,317)
tap(42281,1,1)
tap(42368,1,2)
tap(42544,1,4)
tap(42632,1,3)
tap(42719,1,1)
tap(42807,1,2)
tap(42982,1,4)
tap(43070,1,3)
tap(43333,1,2)
tap(43333,1,3)
tap(43509,1,5)
tap(43509,1,4)
flick(43509,7,14,14,4)
flick(43567,24,26,4,16)
flick(43626,23,26,6,4)
flick(43684,22,26,8,16)
flick(43743,23,26,6,4)
flick(43801,24,26,4,16)
tap(43860,2,2)
flick(43860,7,14,14,4)
flick(43918,2,26,4,4)
flick(43977,3,26,6,16)
flick(44035,4,26,8,4)
flick(44094,3,26,6,16)
tap(44123,2,2)
flick(44152,2,26,4,4)
flick(44211,7,14,14,4)
flick(44269,24,26,4,16)
tap(44298,2,2)
flick(44444,23,26,6,4)
flick(44503,24,26,4,16)
tap(44561,2,2)
flick(44561,13,26,26,4)
flick(44620,2,26,4,16)
hold(44912,5,1,1228)
flick(44912,13,26,26,4)
tap(45088,4,1)
tap(45439,1,1)
tap(45497,1,2)
tap(45556,1,4)
tap(45614,1,3)
flick(45614,13,26,8,16)
flick(45789,13,26,8,4)
tap(45965,2,1)
tap(46053,2,2)
tap(46140,2,3)
tap(46316,2,1)
flick(46316,13,26,26,16)
tap(46345,2,1)
flick(46345,3,26,6,4)
tap(46491,2,2)
flick(46491,13,26,26,16)
tap(46520,2,2)
flick(46520,13,26,6,4)
tap(46667,2,3)
flick(46667,13,26,26,16)
tap(46696,2,3)
flick(46696,23,26,6,4)
tap(46842,2,2)
flick(46842,13,26,26,16)
tap(46871,2,2)
flick(46871,13,26,6,4)
tap(47018,2,1)
flick(47018,13,26,26,16)
tap(47047,2,1)
flick(47047,3,26,6,4)
tap(47193,2,2)
flick(47193,13,26,26,16)
tap(47222,2,2)
flick(47222,13,26,6,4)
flick(47368,13,26,26,16)
tap(47369,2,3)
tap(47398,2,3)
flick(47398,23,26,6,4)
flick(47543,13,26,26,16)
tap(47544,2,2)
tap(47573,2,2)
flick(47573,13,26,6,4)
hold(47719,0,1,1053)
skyarea(47719,13,26,26,2,26,4,2,1,351,397)
skyarea(48070,2,26,4,11,26,22,0,2,307,397)
hold(47895,1,1,44)
hold(47982,2,1,44)
hold(48070,3,1,44)
hold(48158,2,1,44)
hold(48246,1,1,43)
hold(48421,4,1,44)
skyarea(48421,13,26,26,24,26,4,1,2,351,404)
skyarea(48772,24,26,4,15,26,22,2,0,307,404)
hold(48509,3,1,44)
hold(48596,2,1,44)
hold(48684,3,1,44)
hold(48772,4,1,44)
hold(48860,2,1,44)
hold(48947,3,1,44)
tap(49123,1,1)
skyarea(49123,13,26,26,13,26,4,1,1,702,412)
skyarea(49825,13,26,4,13,26,8,2,2,702,412)
tap(49211,1,2)
tap(49298,1,4)
tap(49386,1,3)
tap(49474,1,1)
tap(49562,1,2)
tap(49649,1,4)
tap(49737,1,3)
tap(49825,1,1)
tap(49912,1,2)
tap(50000,1,4)
tap(50088,1,3)
tap(50175,1,1)
tap(50263,1,2)
tap(50350,1,4)
tap(50438,1,3)
hold(50526,5,1,1053)
flick(50526,13,26,8,4)
tap(50702,1,4)
tap(50789,1,3)
tap(51053,1,1)
tap(51140,1,2)
tap(51228,1,1)
tap(51404,1,4)
tap(51579,1,2)
tap(51579,1,3)
flick(51579,4,26,8,16)
flick(51579,22,26,8,16)
hold(51930,5,1,175)
flick(51930,4,26,8,4)
flick(51930,22,26,8,4)
skyarea(51930,1,2,2,1,2,2,2,0,1052,443)
hold(52105,4,1,176)
hold(52281,1,1,175)
hold(52456,2,1,176)
hold(52632,0,1,175)
hold(52807,4,1,175)
hold(52982,3,1,176)
flick(52982,6,26,4,16)
hold(53158,2,1,175)
flick(53158,20,26,4,4)
skyarea(53158,1,2,2,1,2,2,2,0,1228,453)
hold(53333,5,1,175)
hold(53508,4,1,176)
hold(53684,1,1,175)
hold(53859,2,1,176)
hold(54035,0,1,175)
hold(54210,4,1,175)
hold(54385,3,1,176)
flick(54386,13,26,4,16)
hold(54561,2,1,175)
flick(54561,13,26,4,4)
skyarea(54561,1,2,2,1,2,2,2,0,1228,464)
hold(54737,0,1,175)
hold(54912,1,1,176)
hold(55088,4,1,175)
hold(55263,3,1,176)
hold(55439,5,1,175)
hold(55614,1,1,175)
hold(55789,2,1,176)
flick(55789,8,26,4,16)
hold(55965,3,1,175)
flick(55965,18,26,4,4)
skyarea(55965,1,2,2,1,2,2,2,0,877,475)
hold(56140,0,1,175)
hold(56315,1,1,176)
hold(56491,4,1,175)
hold(56666,3,1,176)
hold(56842,5,1,175)
flick(56842,4,26,4,16)
hold(57017,1,1,175)
hold(57192,2,1,176)
flick(57193,16,26,4,4)
skyarea(57193,1,2,2,1,2,2,2,0,175,485)
hold(57368,3,1,175)
flick(57368,10,26,4,16)
hold(57544,5,1,175)
flick(57544,22,26,4,4)
skyarea(57544,1,2,2,1,2,2,2,0,1052,490)
hold(57719,4,1,176)
hold(57895,1,1,175)
hold(58070,2,2,175)
hold(58246,0,1,175)
hold(58421,4,1,175)
hold(58596,3,1,176)
flick(58596,6,26,4,16)
hold(58772,1,2,175)
hold(58947,5,1,176)
hold(59123,3,2,175)
hold(59298,1,1,176)
hold(59473,2,1,175)
hold(59649,0,1,176)
flick(59649,20,26,4,4)
skyarea(59649,1,2,2,1,2,2,2,0,702,505)
hold(59825,4,1,175)
hold(60000,3,1,175)
hold(60175,1,2,176)
hold(60351,0,1,175)
flick(60351,13,26,4,16)
hold(60526,1,1,176)
hold(60702,4,1,175)
hold(60877,2,2,175)
hold(61053,5,1,175)
flick(61053,13,26,4,4)
skyarea(61053,1,2,2,1,2,2,2,0,701,516)
hold(61228,1,1,175)
hold(61403,2,1,176)
hold(61579,3,2,175)
hold(61754,0,1,176)
flick(61754,10,26,4,16)
hold(61930,1,2,175)
hold(62105,4,1,176)
hold(62280,3,1,175)
hold(62456,5,1,176)
flick(62456,16,26,4,4)
skyarea(62456,1,2,2,1,2,2,2,0,702,527)
hold(62632,1,1,175)
hold(62807,2,1,175)
hold(62982,3,2,176)
hold(63158,0,1,9824)
flick(63158,2,24,4,16)
hold(63333,1,1,9649)
hold(63509,4,1,9473)
hold(63684,5,1,9298)
flick(63860,7,12,2,4)
flick(64035,5,12,2,16)
tap(64211,2,2)
tap(64386,2,2)
skyarea(64562,80,192,2,80,192,32,1,1,44,540)
skyarea(64606,80,192,32,80,192,2,2,2,43,540)
skyarea(64736,112,192,2,112,192,32,1,1,44,541)
skyarea(64780,112,192,32,112,192,2,2,2,43,541)
skyarea(64912,128,192,2,128,192,32,1,1,44,542)
skyarea(64956,128,192,32,128,192,2,2,2,44,542)
skyarea(65088,160,192,2,160,192,32,1,1,44,543)
skyarea(65132,160,192,32,160,192,2,2,2,44,543)
skyarea(65263,128,192,2,128,192,32,1,1,44,544)
skyarea(65307,128,192,32,128,192,2,2,2,44,544)
skyarea(65438,112,192,2,112,192,32,1,1,44,545)
skyarea(65482,112,192,32,112,192,2,2,2,43,545)
tap(65614,2,2)
flick(65614,2,24,4,16)
tap(65789,2,2)
skyarea(65790,80,192,2,80,192,32,1,1,44,549)
skyarea(65834,80,192,32,80,192,2,2,2,43,549)
flick(65965,4,24,4,16)
skyarea(66140,80,192,2,80,192,32,1,1,44,551)
skyarea(66184,80,192,32,80,192,2,2,2,43,551)
skyarea(66315,112,192,2,112,192,32,1,1,44,552)
skyarea(66359,112,192,32,112,192,2,2,2,43,552)
skyarea(66491,128,192,2,128,192,32,1,1,44,553)
skyarea(66535,128,192,32,128,192,2,2,2,44,553)
skyarea(66667,160,192,2,160,192,32,1,1,44,554)
skyarea(66711,160,192,32,160,192,2,2,2,44,554)
skyarea(66841,112,192,2,112,192,32,1,1,44,555)
skyarea(66885,112,192,32,112,192,2,2,2,43,555)
tap(67018,2,2)
flick(67018,4,24,4,16)
tap(67193,2,2)
skyarea(67193,80,192,2,80,192,32,1,1,44,559)
skyarea(67237,80,192,32,80,192,2,2,2,43,559)
skyarea(67368,112,192,2,112,192,32,1,1,44,560)
skyarea(67412,112,192,32,112,192,2,2,2,43,560)
skyarea(67544,128,192,2,128,192,32,1,1,44,561)
skyarea(67588,128,192,32,128,192,2,2,2,44,561)
skyarea(67720,160,192,2,160,192,32,1,1,44,562)
skyarea(67764,160,192,32,160,192,2,2,2,44,562)
skyarea(67894,112,192,2,112,192,32,1,1,44,563)
skyarea(67938,112,192,32,112,192,2,2,2,43,563)
tap(68070,2,2)
skyarea(68070,80,192,2,80,192,32,1,1,44,565)
skyarea(68114,80,192,32,80,192,2,2,2,43,565)
flick(68246,4,24,4,16)
tap(68421,2,2)
skyarea(68421,80,192,2,80,192,32,1,1,44,568)
skyarea(68465,80,192,32,80,192,2,2,2,43,568)
tap(68596,2,2)
skyarea(68596,128,192,2,128,192,32,1,1,44,570)
skyarea(68640,128,192,32,128,192,2,2,2,44,570)
tap(68772,2,2)
flick(68772,6,24,4,16)
skyarea(68947,112,192,2,112,192,32,1,1,44,573)
skyarea(68991,112,192,32,112,192,2,2,2,43,573)
skyarea(69123,128,192,2,128,192,32,1,1,44,574)
skyarea(69167,128,192,32,128,192,2,2,2,44,574)
skyarea(69298,144,192,2,144,192,32,1,1,43,575)
skyarea(69341,144,192,32,144,192,2,2,2,44,575)
skyarea(69474,176,192,2,11,12,2,1,1,44,576)
skyarea(69518,11,12,2,176,192,2,2,2,43,576)
skyarea(69649,144,192,2,144,192,32,1,1,43,577)
skyarea(69692,144,192,32,144,192,2,2,2,44,577)
tap(69825,2,2)
flick(69825,6,24,4,16)
skyarea(70000,112,192,2,112,192,32,1,1,44,580)
skyarea(70044,112,192,32,112,192,2,2,2,43,580)
skyarea(70176,128,192,2,128,192,32,1,1,44,581)
skyarea(70220,128,192,32,128,192,2,2,2,44,581)
skyarea(70351,144,192,2,144,192,32,1,1,43,582)
skyarea(70394,144,192,32,144,192,2,2,2,44,582)
skyarea(70527,176,192,2,11,12,2,1,1,44,583)
skyarea(70571,11,12,2,176,192,2,2,2,43,583)
skyarea(70702,144,192,2,144,192,32,1,1,43,584)
skyarea(70745,144,192,32,144,192,2,2,2,44,584)
tap(70877,2,2)
flick(70877,6,24,4,16)
skyarea(71052,112,192,2,112,192,32,1,1,44,587)
skyarea(71096,112,192,32,112,192,2,2,2,43,587)
skyarea(71228,128,192,2,128,192,32,1,1,44,588)
skyarea(71272,128,192,32,128,192,2,2,2,44,588)
skyarea(71405,176,192,2,11,12,2,1,1,44,589)
skyarea(71449,11,12,2,176,192,2,2,2,43,589)
tap(71579,2,2)
flick(71579,4,24,4,16)
skyarea(71754,64,192,2,64,192,32,1,1,44,592)
skyarea(71798,64,192,32,64,192,2,2,2,44,592)
skyarea(71930,80,192,2,80,192,32,1,1,44,593)
skyarea(71974,80,192,32,80,192,2,2,2,43,593)
skyarea(72105,128,192,2,128,192,32,1,1,44,594)
skyarea(72149,128,192,32,128,192,2,2,2,44,594)
tap(72281,2,2)
skyarea(72281,144,192,2,144,192,32,1,1,43,596)
skyarea(72324,144,192,32,144,192,2,2,2,44,596)
skyarea(72456,128,192,2,128,192,32,1,1,44,597)
skyarea(72500,128,192,32,128,192,2,2,2,44,597)
flick(72632,4,24,4,16)
skyarea(72807,64,192,2,64,192,32,1,1,44,599)
skyarea(72851,64,192,32,64,192,2,2,2,44,599)
tap(72982,1,2)
flick(72982,12,24,24,4)
tap(73684,1,3)
tap(74386,1,3)
tap(74386,1,5)
tap(74386,1,1)
tap(74386,1,4)
hold(74386,0,1,526)
tap(74912,1,1)
tap(74912,1,3)
tap(74912,1,4)
tap(74912,1,5)
hold(75088,0,1,351)
flick(75088,18,26,16,16)
skyarea(75088,7,26,4,7,26,4,1,1,1710,614)
skyarea(76798,7,26,6,7,26,6,1,1,44,614)
hold(75439,2,1,1403)
hold(75439,1,1,1403)
hold(75439,3,1,1403)
tap(75789,1,0)
tap(76140,1,4)
tap(76491,1,0)
tap(76842,1,4)
tap(77193,1,1)
tap(77193,1,4)
tap(77193,1,2)
tap(77193,1,0)
hold(77193,5,1,526)
tap(77719,1,0)
tap(77719,1,4)
tap(77719,1,1)
tap(77719,1,2)
hold(77895,5,1,351)
flick(77895,8,26,16,4)
skyarea(77895,19,26,4,19,26,4,1,1,1710,633)
skyarea(79605,19,26,6,19,26,6,1,1,44,633)
hold(78246,3,1,1403)
hold(78246,2,1,1403)
hold(78246,4,1,1403)
tap(78596,1,5)
tap(78947,1,1)
tap(79298,1,5)
tap(79649,1,1)
tap(80000,1,2)
tap(80000,1,4)
tap(80000,1,1)
tap(80000,1,3)
hold(80000,5,1,526)
tap(80526,1,3)
tap(80526,1,4)
tap(80526,1,1)
tap(80526,1,2)
hold(80702,5,1,351)
flick(80702,18,26,16,16)
skyarea(80702,7,26,4,7,26,4,1,1,1710,652)
skyarea(82412,7,26,6,7,26,6,1,1,44,652)
hold(81053,3,1,1403)
hold(81053,2,1,1403)
hold(81053,0,1,1403)
hold(81053,1,1,1403)
tap(81404,1,4)
tap(81754,1,5)
tap(82105,1,4)
tap(82456,1,5)
tap(82807,1,3)
tap(82807,1,2)
tap(82807,1,4)
tap(82807,1,1)
hold(82807,0,1,526)
tap(83333,1,4)
tap(83333,1,3)
tap(83333,1,1)
tap(83333,1,2)
hold(83509,0,1,351)
flick(83509,8,26,16,4)
skyarea(83509,19,26,4,19,26,4,1,1,1710,672)
skyarea(85219,19,26,6,19,26,6,1,1,44,672)
hold(83860,3,1,1403)
hold(83860,2,1,1403)
hold(83860,5,1,1403)
hold(83860,4,1,1403)
tap(84211,1,1)
tap(84561,1,0)
tap(84912,1,1)
tap(85263,1,0)
hold(85614,1,1,175)
hold(85614,0,1,175)
flick(85614,5,26,10,16)
flick(85658,4,26,8,16)
flick(85702,2,26,4,16)
tap(85789,1,3)
tap(85877,1,2)
tap(85965,1,4)
tap(86053,1,3)
hold(86140,4,1,176)
flick(86140,13,26,6,4)
hold(86316,1,1,175)
flick(86316,5,26,10,16)
flick(86360,4,26,8,16)
flick(86404,2,26,4,16)
tap(86491,1,2)
tap(86579,1,1)
hold(86667,5,1,175)
flick(86667,20,26,8,4)
hold(86842,0,1,176)
flick(86842,6,26,8,16)
tap(87018,1,2)
tap(87018,1,4)
skyarea(87018,21,26,10,25,26,2,1,1,175,704)
tap(87105,1,3)
tap(87368,1,2)
skyarea(87368,1,26,2,5,26,10,2,2,176,707)
tap(87456,1,3)
tap(87456,1,1)
tap(87719,1,2)
tap(87719,1,4)
skyarea(87719,21,26,10,25,26,2,1,1,175,712)
tap(87807,1,3)
skyarea(88069,1,26,2,5,26,10,2,2,176,714)
tap(88070,1,2)
tap(88158,1,1)
tap(88158,1,3)
hold(88421,5,1,175)
hold(88421,4,1,175)
flick(88421,21,26,10,4)
flick(88465,22,26,8,4)
flick(88509,24,26,4,4)
tap(88596,1,2)
tap(88684,1,3)
tap(88772,1,1)
tap(88860,1,2)
hold(88947,1,1,176)
flick(88947,13,26,6,16)
hold(89123,4,1,175)
flick(89123,21,26,10,4)
flick(89167,22,26,8,4)
flick(89211,24,26,4,4)
tap(89298,1,3)
tap(89386,1,4)
hold(89474,0,1,175)
flick(89474,6,26,8,16)
hold(89649,5,1,176)
flick(89649,20,26,8,4)
tap(89825,1,3)
tap(89825,1,1)
skyarea(89825,5,26,10,1,26,2,1,1,175,741)
tap(89912,1,2)
tap(90175,1,3)
skyarea(90175,25,26,2,21,26,10,2,2,176,744)
tap(90263,1,4)
tap(90263,1,2)
tap(90526,1,3)
tap(90526,1,1)
skyarea(90526,5,26,10,1,26,2,1,1,175,749)
tap(90614,1,2)
skyarea(90876,25,26,2,21,26,10,2,2,176,751)
tap(90877,1,3)
tap(90965,1,4)
tap(90965,1,2)
hold(91228,1,1,175)
hold(91228,0,1,175)
flick(91228,5,26,10,16)
flick(91272,4,26,8,16)
flick(91316,2,26,4,16)
tap(91403,1,3)
tap(91491,2,2)
tap(91579,2,3)
tap(91667,2,2)
hold(91754,4,1,176)
flick(91754,13,26,6,4)
hold(91930,1,1,175)
flick(91930,5,26,10,16)
flick(91974,4,26,8,16)
flick(92018,2,26,4,16)
tap(92105,2,2)
tap(92193,2,1)
hold(92281,5,1,175)
flick(92281,20,26,8,4)
hold(92456,0,1,176)
flick(92456,6,26,8,16)
tap(92632,1,2)
tap(92632,1,4)
skyarea(92632,21,26,10,25,26,2,1,1,175,778)
tap(92719,3,2)
tap(92982,3,1)
skyarea(92982,1,26,2,5,26,10,2,2,176,781)
tap(93070,1,3)
tap(93070,1,1)
tap(93333,1,2)
tap(93333,1,4)
skyarea(93333,21,26,10,25,26,2,1,1,175,786)
tap(93420,3,2)
tap(93683,3,1)
skyarea(93683,1,26,2,5,26,10,2,2,176,789)
tap(93771,1,1)
tap(93771,1,3)
hold(94035,4,1,175)
hold(94035,5,1,175)
flick(94035,21,26,10,4)
flick(94079,22,26,8,4)
flick(94123,24,26,4,4)
tap(94210,1,2)
tap(94298,2,2)
tap(94386,2,1)
tap(94474,2,2)
hold(94561,1,1,176)
flick(94561,13,26,6,16)
hold(94737,4,1,175)
flick(94737,21,26,10,4)
flick(94781,22,26,8,4)
flick(94825,24,26,4,4)
tap(94912,2,2)
tap(95000,2,3)
hold(95088,0,1,175)
flick(95088,6,26,8,16)
hold(95263,5,1,176)
flick(95263,20,26,8,4)
tap(95439,1,3)
tap(95439,1,1)
skyarea(95439,5,26,10,1,26,2,1,1,175,815)
tap(95526,3,1)
tap(95789,3,2)
skyarea(95789,25,26,2,21,26,10,2,2,176,818)
tap(95877,1,4)
tap(95877,1,2)
tap(96140,1,1)
tap(96140,1,3)
skyarea(96140,5,26,10,1,26,2,1,1,175,823)
tap(96227,3,1)
tap(96490,3,2)
skyarea(96490,25,26,2,21,26,10,2,2,176,826)
tap(96578,1,4)
tap(96578,1,2)
hold(96842,1,4,1405)
flick(96842,48,100,48,16)
flick(96864,53,100,90,4)
flick(96886,41,100,23,16)
flick(96908,30,100,39,4)
flick(96930,24,100,39,16)
flick(96952,55,100,59,4)
flick(96974,40,100,76,16)
flick(96996,41,100,72,4)
flick(97018,42,100,53,16)
flick(97039,36,100,72,4)
flick(97061,37,100,51,16)
flick(97083,47,100,82,4)
flick(97105,21,100,35,16)
flick(97127,11,100,15,4)
flick(97149,17,100,28,16)
flick(97171,45,100,83,4)
flick(97193,16,100,30,16)
flick(97215,49,100,96,4)
flick(97237,31,100,60,16)
flick(97259,15,100,31,4)
flick(97281,36,100,68,16)
flick(97303,46,100,74,4)
flick(97325,49,100,78,16)
flick(97347,16,100,21,4)
flick(97369,43,100,53,16)
flick(97390,43,100,63,4)
flick(97412,57,100,77,16)
flick(97434,37,100,73,4)
flick(97456,51,100,59,16)
flick(97478,35,100,21,4)
flick(97500,44,100,19,16)
flick(97522,47,100,64,4)
flick(97544,47,100,74,16)
flick(97566,42,100,62,4)
flick(97588,66,100,50,16)
flick(97610,63,100,55,4)
flick(97632,41,100,69,16)
flick(97654,63,100,27,4)
flick(97676,62,100,63,16)
flick(97698,63,100,71,4)
flick(97720,55,100,60,16)
flick(97741,64,100,53,4)
flick(97763,76,100,38,16)
flick(97785,84,100,28,4)
flick(97807,69,100,55,16)
flick(97829,56,100,79,4)
flick(97851,75,100,40,16)
flick(97873,85,100,22,4)
flick(97895,59,100,72,16)
flick(97917,74,100,48,4)
flick(97939,85,100,24,16)
flick(97961,65,100,64,4)
flick(97983,58,100,81,16)
flick(98005,71,100,54,4)
flick(98027,68,100,64,16)
flick(98049,81,100,18,4)
flick(98071,58,100,67,16)
flick(98092,43,100,80,4)
flick(98114,52,100,77,16)
flick(98136,49,100,54,4)
flick(98158,64,100,70,16)
flick(98180,49,100,42,4)
flick(98202,67,100,32,16)
flick(98224,69,100,58,4)
skyarea(98247,13,26,26,13,26,26,0,0,1381,894)
hold(99649,5,1,4211)
hold(99649,2,1,4211)
hold(99649,1,1,4211)
hold(99649,3,1,4211)
hold(99649,4,1,4211)
hold(99649,0,1,4211)
flick(99649,50,200,100,16)
skyarea(99649,14,28,4,14,28,28,0,0,22,902)
skyarea(99693,14,28,4,14,28,28,0,0,22,903)
flick(99737,150,200,100,4)
skyarea(99737,14,28,4,14,28,28,0,0,22,905)
skyarea(99781,14,28,4,14,28,28,0,0,22,906)
flick(99825,24,96,48,16)
skyarea(99825,14,28,4,14,28,28,0,0,22,908)
skyarea(99869,14,28,4,14,28,28,0,0,22,909)
skyarea(99912,14,28,4,14,28,28,0,0,22,910)
flick(99913,152,200,96,4)
skyarea(99957,14,28,4,14,28,28,0,0,22,912)
flick(100000,23,96,46,16)
skyarea(100000,14,28,4,14,28,28,0,0,22,914)
skyarea(100044,14,28,4,14,28,28,0,0,22,915)
flick(100088,73,96,46,4)
skyarea(100088,14,28,4,14,28,28,0,0,22,917)
skyarea(100132,14,28,4,14,28,28,0,0,22,918)
flick(100175,23,96,46,16)
skyarea(100175,14,28,4,14,28,28,0,0,22,920)
skyarea(100220,14,28,4,14,28,28,0,0,22,921)
flick(100263,73,96,46,4)
skyarea(100263,14,28,4,14,28,28,0,0,22,923)
skyarea(100308,14,28,4,14,28,28,0,0,22,924)
flick(100351,22,96,44,16)
skyarea(100351,14,28,4,14,28,28,0,0,22,926)
skyarea(100395,14,28,4,14,28,28,0,0,22,927)
flick(100439,74,96,44,4)
skyarea(100439,14,28,4,14,28,28,0,0,22,929)
skyarea(100483,14,28,4,14,28,28,0,0,22,930)
flick(100526,22,96,44,16)
skyarea(100526,14,28,4,14,28,28,0,0,22,932)
skyarea(100571,14,28,4,14,28,28,0,0,22,933)
flick(100614,74,96,44,4)
skyarea(100614,14,28,4,14,28,28,0,0,22,935)
skyarea(100659,14,28,4,14,28,28,0,0,22,936)
flick(100702,21,96,42,16)
skyarea(100702,14,28,4,14,28,28,0,0,22,938)
skyarea(100746,14,28,4,14,28,28,0,0,22,939)
flick(100789,75,96,42,4)
skyarea(100789,14,28,4,14,28,28,0,0,22,941)
skyarea(100834,14,28,4,14,28,28,0,0,22,942)
flick(100877,21,96,42,16)
skyarea(100877,14,28,4,14,28,28,0,0,22,944)
skyarea(100922,14,28,4,14,28,28,0,0,22,945)
flick(100965,75,96,42,4)
skyarea(100965,14,28,4,14,28,28,0,0,22,947)
skyarea(101010,14,28,4,14,28,28,0,0,22,948)
flick(101053,20,96,40,16)
skyarea(101053,14,28,4,14,28,28,0,0,22,950)
skyarea(101097,14,28,4,14,28,28,0,0,22,951)
flick(101140,76,96,40,4)
skyarea(101140,14,28,4,14,28,28,0,0,22,953)
skyarea(101185,14,28,4,14,28,28,0,0,22,954)
flick(101228,19,96,38,16)
skyarea(101228,14,28,4,14,28,28,0,0,22,956)
skyarea(101273,14,28,4,14,28,28,0,0,22,957)
flick(101316,77,96,38,4)
skyarea(101316,14,28,4,14,28,28,0,0,22,959)
skyarea(101361,14,28,4,14,28,28,0,0,22,960)
flick(101403,18,96,36,16)
skyarea(101403,14,28,4,14,28,28,0,0,22,962)
skyarea(101448,14,28,4,14,28,28,0,0,22,963)
flick(101491,78,96,36,4)
skyarea(101491,14,28,4,14,28,28,0,0,22,965)
skyarea(101536,14,28,4,14,28,28,0,0,22,966)
flick(101579,17,96,34,16)
skyarea(101579,14,28,4,14,28,28,0,0,22,968)
skyarea(101624,14,28,4,14,28,28,0,0,22,969)
flick(101667,79,96,34,4)
skyarea(101667,14,28,4,14,28,28,0,0,22,971)
skyarea(101712,14,28,4,14,28,28,0,0,22,972)
flick(101754,16,96,32,16)
skyarea(101754,14,28,4,14,28,28,0,0,22,974)
skyarea(101798,14,28,4,14,28,28,0,0,22,975)
flick(101842,80,96,32,4)
skyarea(101842,14,28,4,14,28,28,0,0,22,977)
skyarea(101886,14,28,4,14,28,28,0,0,22,978)
flick(101930,15,96,30,16)
skyarea(101930,14,28,4,14,28,28,0,0,22,980)
skyarea(101974,14,28,4,14,28,28,0,0,22,981)
flick(102018,81,96,30,4)
skyarea(102018,14,28,4,14,28,28,0,0,22,983)
skyarea(102062,14,28,4,14,28,28,0,0,22,984)
flick(102105,14,96,28,16)
skyarea(102105,14,28,4,14,28,28,0,0,22,986)
skyarea(102149,14,28,4,14,28,28,0,0,22,987)
flick(102193,82,96,28,4)
skyarea(102193,14,28,4,14,28,28,0,0,22,989)
skyarea(102237,14,28,4,14,28,28,0,0,22,990)
flick(102281,13,96,26,16)
skyarea(102281,14,28,4,14,28,28,0,0,22,992)
skyarea(102325,14,28,4,14,28,28,0,0,22,993)
flick(102368,83,96,26,4)
skyarea(102368,14,28,4,14,28,28,0,0,22,995)
skyarea(102413,14,28,4,14,28,28,0,0,22,996)
flick(102456,12,96,24,16)
skyarea(102456,14,28,4,14,28,28,0,0,22,998)
skyarea(102500,14,28,4,14,28,28,0,0,22,999)
flick(102544,84,96,24,4)
skyarea(102544,14,28,4,14,28,28,0,0,22,1001)
skyarea(102588,14,28,4,14,28,28,0,0,22,1002)
flick(102632,11,96,22,16)
skyarea(102632,14,28,4,14,28,28,0,0,22,1004)
skyarea(102676,14,28,4,14,28,28,0,0,22,1005)
flick(102719,85,96,22,4)
skyarea(102719,14,28,4,14,28,28,0,0,22,1007)
skyarea(102764,14,28,4,14,28,28,0,0,22,1008)
flick(102807,10,96,20,16)
skyarea(102807,14,28,4,14,28,28,0,0,22,1010)
skyarea(102851,14,28,4,14,28,28,0,0,22,1011)
flick(102895,86,96,20,4)
skyarea(102895,14,28,4,14,28,28,0,0,22,1013)
skyarea(102939,14,28,4,14,28,28,0,0,22,1014)
flick(102982,9,96,18,16)
skyarea(102982,14,28,4,14,28,28,0,0,22,1016)
skyarea(103027,14,28,4,14,28,28,0,0,22,1017)
flick(103070,87,96,18,4)
skyarea(103070,14,28,4,14,28,28,0,0,22,1019)
skyarea(103115,14,28,4,14,28,28,0,0,22,1020)
flick(103158,8,96,16,16)
skyarea(103158,14,28,4,14,28,28,0,0,22,1022)
skyarea(103202,14,28,4,14,28,28,0,0,22,1023)
flick(103246,88,96,16,4)
skyarea(103246,14,28,4,14,28,28,0,0,22,1025)
skyarea(103290,14,28,4,14,28,28,0,0,22,1026)
flick(103333,7,96,14,16)
skyarea(103333,14,28,4,14,28,28,0,0,22,1028)
skyarea(103378,14,28,4,14,28,28,0,0,22,1029)
flick(103421,89,96,14,4)
skyarea(103421,14,28,4,14,28,28,0,0,22,1031)
skyarea(103466,14,28,4,14,28,28,0,0,22,1032)
flick(103509,7,96,14,16)
skyarea(103509,14,28,4,14,28,28,0,0,22,1034)
skyarea(103553,14,28,4,14,28,28,0,0,22,1035)
flick(103596,89,96,14,4)
skyarea(103596,14,28,4,14,28,28,0,0,22,1037)
skyarea(103641,14,28,4,14,28,28,0,0,22,1038)
flick(103684,7,96,14,16)
skyarea(103684,14,28,4,14,28,28,0,0,22,1040)
skyarea(103729,14,28,4,14,28,28,0,0,22,1041)
flick(103772,89,96,14,4)
skyarea(103772,14,28,4,14,28,28,0,0,22,1043)
skyarea(103817,14,28,4,14,28,28,0,0,22,1044)
skyarea(103860,26,52,52,26,52,4,1,1,43,1045)
skyarea(103903,26,52,50,26,52,4,1,1,44,1045)
skyarea(103947,26,52,48,26,52,4,1,1,44,1045)
skyarea(103991,26,52,46,26,52,4,1,1,44,1045)
skyarea(104035,26,52,44,26,52,4,1,1,44,1045)
skyarea(104079,26,52,42,26,52,4,1,1,44,1045)
skyarea(104123,26,52,40,26,52,4,1,1,44,1045)
skyarea(104167,26,52,38,26,52,4,1,1,43,1045)
skyarea(104210,26,52,36,26,52,4,1,1,44,1045)
skyarea(104254,26,52,34,26,52,4,1,1,44,1045)
skyarea(104298,26,52,32,26,52,4,1,1,44,1045)
skyarea(104342,26,52,30,26,52,4,1,1,44,1045)
skyarea(104386,26,52,28,26,52,4,1,1,44,1045)
skyarea(104430,26,52,26,26,52,4,1,1,44,1045)
skyarea(104474,26,52,24,26,52,4,1,1,44,1045)
skyarea(104518,26,52,22,26,52,4,1,1,43,1045)
skyarea(104561,26,52,20,26,52,4,1,1,44,1045)
skyarea(104605,26,52,18,26,52,4,1,1,44,1045)
skyarea(104649,26,52,16,26,52,4,1,1,44,1045)
skyarea(104693,26,52,14,26,52,4,1,1,44,1045)
skyarea(104737,26,52,12,26,52,4,1,1,44,1045)
skyarea(104781,26,52,10,26,52,4,1,1,44,1045)
skyarea(104825,26,52,8,26,52,4,1,1,43,1045)
skyarea(104868,26,52,6,26,52,4,1,1,44,1045)
flick(104912,26,52,8,4)
flick(104956,26,52,10,4)
flick(105000,26,52,12,4)
flick(105044,26,52,16,4)
flick(105088,26,52,22,4)
flick(105132,26,52,30,4)
flick(105175,26,52,38,4)
tap(105263,1,0)
skyarea(105263,9,26,10,3,26,6,1,1,132,1054)
skyarea(105395,5,26,6,14,26,8,2,2,131,1054)
tap(105351,1,3)
tap(105439,1,2)
tap(105526,1,5)
tap(105526,1,4)
flick(105526,18,26,16,4)
tap(105789,1,0)
skyarea(105789,9,26,10,3,26,6,1,1,132,1061)
skyarea(105921,5,26,6,14,26,8,2,2,131,1061)
tap(105877,1,3)
tap(105965,1,2)
flick(106052,18,26,16,4)
tap(106053,1,4)
tap(106053,1,5)
hold(106316,0,1,175)
flick(106316,7,26,14,16)
flick(106403,11,26,6,4)
hold(106491,5,1,176)
flick(106491,19,26,14,4)
tap(106667,1,0)
skyarea(106667,9,26,10,3,26,6,1,1,132,1073)
skyarea(106799,5,26,6,14,26,8,2,2,131,1073)
tap(106754,1,2)
tap(106842,1,1)
tap(106930,1,4)
tap(106930,1,5)
flick(106930,18,26,16,4)
tap(107193,1,0)
skyarea(107193,9,26,10,3,26,6,1,1,132,1080)
skyarea(107325,5,26,6,14,26,8,2,2,131,1080)
tap(107281,1,2)
tap(107368,1,1)
tap(107456,1,4)
flick(107456,18,26,16,4)
tap(107457,1,5)
hold(107719,0,1,3158)
flick(107719,7,26,14,16)
flick(107807,11,26,6,4)
flick(107894,19,26,14,4)
hold(107895,5,1,2982)
tap(108070,1,1)
flick(108070,4,26,4,16)
flick(108158,13,26,2,4)
tap(108246,1,4)
flick(108246,22,26,4,16)
flick(108333,13,26,4,4)
tap(108421,1,4)
flick(108421,22,26,4,16)
flick(108509,13,26,6,4)
tap(108596,1,1)
flick(108596,4,26,4,16)
flick(108684,13,26,8,4)
tap(108772,1,4)
flick(108772,22,26,4,16)
flick(108860,13,26,10,4)
tap(108947,1,4)
flick(108947,22,26,4,16)
flick(109035,13,26,12,4)
tap(109123,1,1)
flick(109123,4,26,4,16)
flick(109211,13,26,14,4)
tap(109298,1,4)
flick(109299,22,26,4,16)
flick(109386,13,26,16,4)
tap(109474,1,1)
flick(109474,4,26,4,16)
flick(109561,13,26,16,4)
flick(109649,22,26,4,16)
tap(109650,1,4)
flick(109737,13,26,14,4)
tap(109825,1,4)
flick(109825,22,26,4,16)
flick(109912,13,26,12,4)
tap(110000,1,1)
flick(110000,4,26,4,16)
flick(110088,13,26,10,4)
flick(110175,22,26,4,16)
tap(110176,1,4)
flick(110263,13,26,8,4)
tap(110351,1,4)
flick(110351,22,26,4,16)
flick(110439,13,26,6,4)
flick(110526,4,26,4,16)
tap(110527,1,1)
flick(110614,13,26,4,4)
tap(110702,1,4)
flick(110702,22,26,4,16)
flick(110789,13,26,2,4)
skyarea(110877,96,192,2,6,12,2,1,1,88,1139)
skyarea(110965,6,12,2,96,192,2,2,2,88,1139)
flick(111053,24,26,2,4)
flick(111075,24,26,4,4)
flick(111228,2,26,2,16)
flick(111250,2,26,4,16)
hold(111403,5,1,264)
hold(111403,0,1,264)
hold(111403,2,2,264)
flick(111403,13,26,26,4)
hold(111667,1,1,263)
hold(111667,4,1,263)
flick(111667,3,26,6,16)
flick(111667,23,26,6,16)
flick(111667,13,26,10,16)
flick(111930,13,26,10,4)
flick(112018,13,26,6,16)
flick(112106,13,26,10,4)
hold(112281,4,1,263)
hold(112281,0,1,263)
flick(112281,5,26,10,16)
hold(112544,3,1,263)
hold(112544,5,1,263)
flick(112544,21,26,10,4)
hold(112807,2,1,263)
hold(112807,1,1,263)
flick(112807,5,26,10,16)
hold(113070,3,1,263)
hold(113070,4,1,263)
flick(113070,21,26,10,4)
hold(113333,0,1,2456)
hold(113333,5,1,2456)
flick(113333,13,26,10,16)
flick(113421,13,26,6,4)
flick(113509,13,26,10,16)
tap(113684,1,4)
flick(113684,22,26,4,4)
flick(113771,13,26,16,16)
flick(113859,4,26,4,4)
tap(113860,1,1)
flick(113947,13,26,14,16)
tap(114035,1,1)
flick(114035,4,26,4,4)
flick(114122,13,26,12,16)
tap(114210,1,4)
flick(114210,22,26,4,4)
flick(114298,13,26,10,16)
flick(114385,4,26,4,4)
tap(114386,1,1)
flick(114473,13,26,8,16)
tap(114561,1,1)
flick(114561,4,26,4,4)
flick(114649,13,26,6,16)
flick(114736,22,26,4,4)
tap(114737,1,4)
flick(114824,13,26,4,16)
tap(114912,1,1)
flick(114912,4,26,4,4)
flick(114999,13,26,2,16)
hold(115088,4,1,263)
skyarea(115088,21,26,10,21,26,10,0,1,219,1198)
skyarea(115307,20,26,12,20,26,12,0,1,44,1198)
tap(115351,2,2)
flick(115351,17,26,18,16)
hold(115439,1,1,263)
skyarea(115439,5,26,10,5,26,10,0,1,219,1202)
skyarea(115658,6,26,12,6,26,12,0,1,44,1202)
tap(115702,2,2)
flick(115702,9,26,18,4)
hold(115789,1,1,527)
hold(115789,4,1,527)
flick(115789,13,26,26,16)
skyarea(115789,13,26,26,13,26,4,1,1,527,1208)
flick(115877,13,26,20,4)
flick(115965,13,26,14,16)
flick(116053,13,26,10,4)
flick(116140,13,26,6,16)
flick(116228,13,26,4,4)
flick(116316,13,26,4,16)
tap(116491,1,5)
skyarea(116491,17,26,10,23,26,6,1,1,132,1216)
skyarea(116623,21,26,6,12,26,8,2,2,131,1216)
tap(116579,1,2)
tap(116667,1,3)
tap(116754,1,0)
tap(116754,1,1)
flick(116754,8,26,16,16)
tap(117017,1,5)
skyarea(117018,17,26,10,23,26,6,1,1,132,1223)
skyarea(117150,21,26,6,12,26,8,2,2,131,1223)
tap(117105,1,2)
tap(117193,1,3)
tap(117281,1,1)
tap(117281,1,0)
flick(117281,8,26,16,16)
hold(117544,5,1,175)
flick(117544,19,26,14,4)
flick(117632,15,26,6,16)
hold(117719,0,1,176)
flick(117719,7,26,14,16)
tap(117895,1,5)
skyarea(117895,17,26,10,23,26,6,1,1,132,1235)
skyarea(118027,21,26,6,12,26,8,2,2,131,1235)
tap(117982,1,3)
tap(118070,1,4)
tap(118158,1,0)
tap(118158,1,1)
flick(118158,8,26,16,16)
tap(118421,1,5)
skyarea(118422,17,26,10,23,26,6,1,1,132,1242)
skyarea(118554,21,26,6,12,26,8,2,2,131,1242)
tap(118509,1,3)
tap(118596,1,4)
tap(118684,1,1)
tap(118685,1,0)
flick(118685,8,26,16,16)
hold(118947,5,1,2281)
flick(118947,19,26,14,4)
flick(119035,15,26,6,16)
flick(119122,7,26,14,16)
hold(119123,0,1,2105)
tap(119298,1,4)
flick(119298,22,26,4,4)
flick(119386,13,26,2,16)
tap(119474,1,1)
flick(119474,4,26,4,4)
flick(119561,13,26,4,16)
tap(119649,1,1)
flick(119649,4,26,4,4)
flick(119737,13,26,6,16)
tap(119824,1,4)
flick(119824,22,26,4,4)
flick(119912,13,26,8,16)
tap(120000,1,1)
flick(120000,4,26,4,4)
flick(120088,13,26,10,16)
tap(120175,1,1)
flick(120175,4,26,4,4)
flick(120263,13,26,12,16)
tap(120351,1,4)
flick(120351,22,26,4,4)
flick(120439,13,26,14,16)
tap(120526,1,1)
flick(120527,4,26,4,4)
flick(120614,13,26,16,16)
hold(120702,4,1,175)
skyarea(120702,20,26,12,20,26,12,0,1,44,1278)
skyarea(120746,21,26,10,21,26,10,0,1,131,1278)
skyarea(120877,13,26,26,13,26,26,1,1,22,1278)
skyarea(120899,5,26,10,5,26,10,0,1,110,1278)
skyarea(121009,6,26,12,6,26,12,0,1,44,1278)
hold(120877,1,1,176)
tap(121228,2,2)
flick(121228,13,26,10,4)
tap(121403,1,1)
tap(121403,1,4)
tap(121403,2,2)
flick(121403,4,26,8,16)
flick(121403,22,26,8,16)
tap(121667,1,0)
tap(121667,1,5)
flick(121667,22,26,8,4)
flick(121667,4,26,8,4)
tap(121930,1,1)
tap(121930,1,4)
tap(121930,2,2)
flick(121930,22,26,8,16)
flick(121930,4,26,8,16)
hold(122105,1,1,1382)
hold(122105,5,1,1382)
flick(122105,13,26,10,4)
skyarea(122105,126,182,2,18,26,12,0,0,526,1299)
skyarea(122719,18,26,4,126,182,2,0,0,88,1300)
skyarea(122807,126,182,2,18,26,4,0,0,87,1300)
flick(122807,18,26,6,16)
skyarea(122982,18,26,12,126,182,2,0,0,527,1302)
skyarea(123509,13,26,8,91,182,2,0,0,438,1302)
hold(123509,2,1,1381)
hold(123509,3,1,1381)
flick(123509,35,52,2,16)
skyarea(124035,91,182,2,13,26,4,0,0,132,1306)
flick(124210,26,52,8,4)
skyarea(124254,13,26,4,91,182,2,0,0,132,1308)
skyarea(124474,91,182,2,13,26,8,0,0,438,1309)
skyarea(124912,56,182,2,8,26,12,0,0,526,1309)
hold(124912,0,1,1382)
hold(124912,4,1,1382)
flick(124912,17,52,2,16)
skyarea(125526,8,26,4,56,182,2,0,0,88,1313)
skyarea(125614,56,182,2,8,26,4,0,0,87,1313)
flick(125614,8,26,6,4)
skyarea(125789,8,26,12,56,182,2,0,0,527,1315)
skyarea(126316,13,26,8,91,182,2,0,0,438,1315)
hold(126316,1,2,702)
hold(126316,3,2,702)
flick(126316,17,52,2,4)
tap(127018,1,5)
tap(127018,1,0)
flick(127018,4,26,8,4)
flick(127018,22,26,8,4)
tap(127281,1,1)
tap(127281,2,2)
tap(127281,1,4)
flick(127281,4,26,8,16)
flick(127281,22,26,8,16)
tap(127544,1,5)
tap(127544,1,0)
flick(127544,4,26,8,4)
flick(127544,22,26,8,4)
tap(127719,1,3)
tap(127719,1,0)
skyarea(127719,9,26,10,3,26,6,1,1,132,1334)
skyarea(127851,5,26,6,14,26,8,2,2,131,1334)
tap(127807,1,1)
tap(127895,1,2)
tap(127982,1,3)
tap(127982,1,0)
flick(127982,18,26,16,4)
tap(128246,1,2)
tap(128246,1,5)
skyarea(128246,9,26,10,3,26,6,1,1,132,1342)
skyarea(128378,5,26,6,14,26,8,2,2,131,1342)
tap(128333,1,3)
tap(128421,1,4)
tap(128509,1,2)
tap(128509,1,5)
flick(128509,18,26,16,4)
tap(128772,1,4)
skyarea(128772,95,96,2,1,96,2,1,2,351,1349)
skyarea(129123,17,26,10,23,26,6,1,1,132,1349)
skyarea(129255,21,26,6,12,26,8,2,2,131,1349)
tap(128860,2,2)
tap(128947,1,1)
tap(129123,1,5)
tap(129123,1,2)
tap(129211,1,4)
tap(129299,1,3)
tap(129386,1,5)
tap(129386,1,2)
flick(129386,8,26,16,16)
tap(129650,1,3)
tap(129650,1,0)
skyarea(129650,17,26,10,23,26,6,1,1,132,1361)
skyarea(129782,21,26,6,12,26,8,2,2,131,1361)
tap(129737,1,2)
tap(129825,1,1)
tap(129913,1,0)
tap(129913,1,3)
flick(129913,8,26,16,16)
tap(130175,1,1)
skyarea(130175,1,96,2,95,96,2,2,1,351,1368)
skyarea(130526,22,26,8,4,26,8,1,1,176,1368)
skyarea(130702,4,26,8,13,26,8,2,2,175,1368)
skyarea(130877,13,26,8,22,26,8,1,1,176,1368)
skyarea(131053,22,26,8,4,26,8,1,1,176,1368)
skyarea(131229,4,26,8,13,26,8,2,2,175,1368)
skyarea(131404,13,26,8,22,26,8,1,1,176,1368)
tap(130263,2,2)
tap(130351,1,4)
tap(130526,1,0)
tap(130614,1,3)
tap(130702,1,4)
tap(130789,1,3)
tap(130877,1,4)
tap(130965,1,3)
tap(131053,1,1)
tap(131140,1,2)
tap(131228,1,5)
tap(131316,2,3)
tap(131403,1,5)
tap(131491,2,3)
tap(131579,1,1)
flick(131579,19,26,14,16)
tap(131667,1,2)
tap(131754,2,2)
flick(131754,7,26,14,4)
tap(131930,1,0)
skyarea(131930,22,26,8,4,26,8,1,1,176,1389)
skyarea(132106,4,26,8,13,26,8,2,2,175,1389)
skyarea(132281,13,26,8,22,26,8,1,1,176,1389)
skyarea(132457,22,26,8,4,26,8,1,1,176,1389)
skyarea(132633,4,26,8,13,26,8,2,2,175,1389)
skyarea(132808,13,26,8,22,26,8,1,1,176,1389)
tap(132018,1,3)
tap(132105,1,4)
tap(132193,1,3)
tap(132281,1,4)
tap(132368,1,3)
tap(132456,1,1)
tap(132544,1,2)
tap(132632,1,5)
tap(132719,2,3)
tap(132807,1,5)
tap(132895,2,3)
tap(132982,1,1)
flick(132983,19,26,14,16)
tap(133070,1,2)
tap(133158,2,2)
flick(133158,7,26,14,4)
skyarea(133421,13,26,22,13,26,2,1,1,88,1406)
skyarea(133509,13,26,18,13,26,2,1,1,87,1406)
skyarea(133596,13,26,14,13,26,2,1,1,88,1406)
skyarea(133684,13,26,10,13,26,2,1,1,88,1406)
hold(133860,5,1,264)
hold(133860,2,2,264)
hold(133860,0,1,264)
flick(133860,13,26,26,16)
flick(134123,13,26,10,4)
flick(134123,3,26,6,4)
flick(134123,23,26,6,4)
hold(134124,4,1,263)
hold(134124,1,1,263)
flick(134386,13,26,10,16)
flick(134474,13,26,6,4)
flick(134562,13,26,10,16)
flick(134737,21,26,10,4)
hold(134738,5,1,263)
hold(134738,1,1,263)
flick(135000,5,26,10,16)
hold(135001,0,1,263)
hold(135001,2,1,263)
flick(135263,21,26,10,4)
hold(135264,4,1,263)
hold(135264,3,1,263)
flick(135526,5,26,10,16)
hold(135527,1,1,263)
hold(135527,2,1,263)
hold(135789,0,1,176)
hold(135789,5,1,176)
flick(135790,13,26,10,4)
flick(135878,13,26,6,16)
flick(135966,13,26,10,4)
tap(136140,1,5)
skyarea(136140,22,26,8,4,26,8,1,1,176,1437)
skyarea(136316,4,26,8,13,26,8,2,2,175,1437)
skyarea(136491,13,26,8,22,26,8,1,1,176,1437)
skyarea(136667,22,26,8,4,26,8,1,1,176,1437)
skyarea(136843,4,26,8,13,26,8,2,2,175,1437)
skyarea(137018,13,26,8,22,26,8,1,1,176,1437)
tap(136228,1,2)
tap(136316,1,1)
tap(136403,1,2)
tap(136491,1,1)
tap(136579,1,2)
tap(136667,1,4)
tap(136754,1,3)
tap(136842,1,0)
tap(136930,2,1)
tap(137018,1,0)
tap(137105,2,1)
tap(137193,1,4)
flick(137193,19,26,14,16)
tap(137281,1,3)
tap(137368,2,2)
flick(137368,7,26,14,4)
tap(137544,1,0)
flick(137544,3,26,6,16)
flick(137631,7,26,14,4)
tap(137632,1,3)
tap(137719,1,0)
flick(137719,11,26,22,16)
flick(137806,7,26,14,4)
tap(137807,1,3)
flick(137894,3,26,6,16)
tap(137895,1,0)
tap(138070,1,5)
flick(138070,23,26,6,4)
flick(138157,19,26,14,16)
tap(138158,1,2)
tap(138245,1,5)
flick(138245,15,26,22,4)
flick(138332,19,26,14,16)
tap(138333,1,2)
flick(138420,23,26,6,4)
tap(138421,1,5)
tap(138596,1,4)
skyarea(138596,95,96,2,1,96,2,1,2,351,1475)
tap(138684,2,2)
tap(138772,1,1)
tap(138947,1,5)
tap(138947,1,2)
flick(138947,3,26,6,4)
flick(139034,5,26,10,16)
tap(139035,1,1)
flick(139122,7,26,14,4)
tap(139123,1,5)
tap(139123,1,2)
tap(139210,1,1)
flick(139210,9,26,18,16)
tap(139298,1,5)
tap(139298,1,2)
flick(139298,7,26,14,4)
tap(139386,1,1)
flick(139386,5,26,10,16)
tap(139474,1,2)
tap(139474,1,5)
flick(139474,3,26,6,4)
tap(139737,1,3)
tap(139737,1,2)
flick(139737,13,26,8,16)
tap(140000,1,1)
skyarea(140000,1,100,2,99,100,2,2,1,175,1500)
tap(140088,1,4)
tap(140351,1,0)
tap(140351,1,3)
flick(140351,23,26,6,16)
flick(140438,21,26,10,4)
tap(140439,1,4)
tap(140526,1,3)
tap(140526,1,0)
flick(140526,19,26,14,16)
tap(140614,1,4)
flick(140614,17,26,18,4)
tap(140702,1,0)
tap(140702,1,3)
flick(140702,19,26,14,16)
tap(140789,1,4)
flick(140790,21,26,10,4)
tap(140877,1,0)
tap(140878,1,3)
flick(140878,23,26,6,16)
tap(141141,1,3)
tap(141141,1,2)
flick(141141,13,26,8,4)
skyarea(141403,99,100,2,1,100,2,1,2,175,1523)
tap(141404,1,4)
tap(141492,1,1)
tap(141754,1,5)
skyarea(141754,4,26,8,22,26,8,1,1,176,1527)
skyarea(141930,22,26,8,13,26,8,2,2,175,1527)
skyarea(142105,13,26,8,4,26,8,1,1,176,1527)
skyarea(142281,4,26,8,22,26,8,1,1,176,1527)
skyarea(142457,22,26,8,13,26,8,2,2,175,1527)
skyarea(142632,13,26,8,4,26,8,1,1,176,1527)
tap(141842,1,2)
tap(141930,1,1)
tap(142018,1,2)
tap(142105,1,1)
tap(142193,1,2)
tap(142281,1,4)
tap(142368,1,3)
tap(142456,1,0)
tap(142544,2,1)
tap(142632,1,0)
tap(142719,2,1)
tap(142807,1,4)
flick(142807,7,26,14,4)
tap(142895,1,3)
tap(142982,2,2)
flick(142982,19,26,14,16)
tap(143158,1,5)
tap(143158,1,0)
flick(143158,4,26,8,4)
flick(143158,22,26,8,4)
tap(143333,1,1)
tap(143333,2,2)
tap(143333,1,4)
flick(143333,4,26,8,16)
flick(143333,22,26,8,16)
tap(143509,1,5)
tap(143509,1,0)
flick(143509,4,26,8,4)
flick(143509,22,26,8,4)
tap(143684,2,2)
tap(143684,1,4)
tap(143684,1,1)
flick(143684,22,26,8,16)
flick(143684,4,26,8,16)
hold(143860,5,1,263)
hold(143860,0,1,263)
flick(143860,4,26,8,4)
flick(143860,22,26,8,4)
skyarea(144123,13,26,26,13,26,2,1,1,87,1566)
skyarea(144210,13,26,22,13,26,2,1,1,88,1566)
skyarea(144298,13,26,18,13,26,2,1,1,88,1566)
skyarea(144386,13,26,14,13,26,2,1,1,88,1566)
skyarea(144474,13,26,10,13,26,2,1,1,87,1566)
flick(144561,11,26,4,16)
flick(144561,15,26,4,4)
track(0,0.5)
track(23947,0.5300000309944153)
track(24035,0.5600000023841858)
track(24123,0.5900000333786011)
track(24211,0.6200000047683716)
track(24298,0.6500000357627869)
track(24386,0.6800000071525574)
track(24474,0.7099999785423279)
track(24561,0.7400000095367432)
track(24649,0.7599999904632568)
track(24737,0.800000011920929)
track(24825,0.8300000429153442)
track(24912,0.8600000739097595)
track(25000,0.8899999856948853)
track(25088,0.9200000166893005)
track(25175,0.949999988079071)
track(25263,0.9800000190734863)
track(25351,1.0099999904632568)
track(25439,1.0399999618530273)
track(25526,1.059999942779541)
track(25614,1.100000023841858)
track(25702,1.1299999952316284)
track(25789,1.159999966621399)
track(25877,1.190000057220459)
track(25965,1.2200000286102295)
track(26053,1.25)
track(26140,1.2799999713897705)
track(26228,1.309999942779541)
track(26316,1.340000033378601)
track(26404,1.3600000143051147)
track(26491,1.399999976158142)
track(26579,1.4300000667572021)
track(26667,1.4600000381469727)
track(26754,1.4900000095367432)
track(26842,1.5199999809265137)
track(26930,1.5499999523162842)
track(27018,1.5800000429153442)
track(27105,1.6100000143051147)
track(27193,1.6400001049041748)
track(27281,1.6600000858306885)
track(27368,1.7000000476837158)
track(27456,1.7300000190734863)
track(27544,1.7599999904632568)
track(27632,1.7899999618530273)
track(27719,1.8199999332427979)
track(27807,1.850000023841858)
track(27895,1.880000114440918)
track(27982,1.9100000858306885)
track(28070,1.940000057220459)
track(28114,1.0)
track(51623,0.949999988079071)
track(51645,0.9000000357627869)
track(51667,0.8500000238418579)
track(51689,0.800000011920929)
track(51711,0.75)
track(51732,0.699999988079071)
track(51754,0.6500000357627869)
track(51776,0.6000000238418579)
track(51798,0.550000011920929)
track(51820,0.5)
track(51842,0.45000001788139343)
track(51864,0.4000000059604645)
track(51886,0.3499999940395355)
track(51908,0.30000001192092896)
track(51930,0.25)
track(63228,0.23000000417232513)
track(63263,0.2200000137090683)
track(63298,0.20999999344348907)
track(63333,0.20000000298023224)
track(72982,0.20999999344348907)
track(73041,0.2200000137090683)
track(73099,0.23000000417232513)
track(73158,0.24000000953674316)
track(73216,0.25)
track(73275,0.25999999046325684)
track(73333,0.27000001072883606)
track(73392,0.2800000011920929)
track(73450,0.2900000214576721)
track(73509,0.30000001192092896)
track(73567,0.320000022649765)
track(73626,0.3400000035762787)
track(73684,0.35999998450279236)
track(73743,0.3799999952316284)
track(73801,0.4000000059604645)
track(73860,0.41999998688697815)
track(74035,0.45000001788139343)
track(74386,0.5)
bpm(74386,171.0,8.0)
track(77193,0.6200000047683716)
track(80000,0.75)
track(82807,0.8700000047683716)
track(85263,1.0)
bpm(85614,171.0,4.0)
track(98246,9999.0)
track(98247,1.0)
track(99649,1.0)
track(122105,0.5)
track(126754,0.550000011920929)
track(126842,0.6000000238418579)
track(126930,0.6500000357627869)
track(127018,0.699999988079071)
track(127105,0.75)
track(127193,0.800000011920929)
track(127281,0.8500000238418579)
track(127368,0.9000000357627869)
track(127456,0.949999988079071)
track(127544,1.0)
track(133333,0.5)
track(133421,0.6000000238418579)
track(133509,0.699999988079071)
track(133596,0.800000011920929)
track(133684,0.9000000357627869)
track(133772,1.0)
track(144561,0.010000000707805157)
bpm(144561,171.0,999.0)
track(151579,0.010000000707805157)
