chart(200.0,4.0)
skyarea(900,11,14,6,3,14,6,0,0,300,0)
skyarea(1200,3,14,6,12,14,4,1,1,600,0)
skyarea(1800,12,14,4,7,14,4,2,2,600,0)
skyarea(2400,7,14,4,2,14,4,1,1,600,0)
skyarea(3000,2,14,4,11,14,6,2,2,600,0)
skyarea(3600,11,14,6,2,14,4,1,1,600,0)
skyarea(4200,2,14,4,7,14,4,2,2,600,0)
skyarea(4800,7,14,4,12,14,4,1,1,600,0)
skyarea(5400,12,14,4,3,14,6,2,2,600,0)
tap(1200,1,2)
tap(2100,1,4)
tap(2400,1,3)
tap(3300,1,3)
tap(3600,1,2)
tap(4500,1,1)
tap(4800,1,2)
tap(5700,1,3)
tap(6000,1,4)
flick(6000,4,12,8,4)
tap(6300,1,3)
tap(6600,1,2)
tap(6600,1,0)
flick(6600,8,12,8,16)
tap(7200,1,1)
tap(7500,1,2)
tap(7800,1,5)
tap(7800,1,3)
flick(7800,4,12,8,4)
tap(8400,1,4)
tap(8700,1,3)
tap(9000,1,2)
tap(9000,1,0)
flick(9000,8,12,8,16)
tap(9600,1,1)
tap(9600,1,5)
skyarea(9600,3,16,6,14,16,4,1,1,300,27)
skyarea(9900,14,16,4,3,16,6,2,2,300,27)
skyarea(10200,6,12,12,6,12,2,1,1,300,27)
hold(10800,1,1,450)
tap(11250,2,2)
tap(11400,2,1)
tap(11475,2,2)
tap(11550,2,3)
tap(11700,2,2)
tap(11850,2,2)
tap(11925,2,2)
hold(12000,1,1,450)
tap(12450,2,2)
tap(12600,2,1)
tap(12675,2,2)
tap(12750,2,3)
tap(12900,2,2)
tap(13050,2,2)
tap(13125,2,2)
hold(13200,1,1,450)
tap(13650,2,2)
tap(13800,2,1)
tap(13875,2,2)
tap(13950,2,3)
tap(14100,2,2)
tap(14250,2,2)
tap(14325,2,2)
hold(14400,1,4,600)
skyarea(14400,6,12,12,2,12,4,1,1,300,53)
skyarea(14700,2,12,4,10,12,4,2,2,300,53)
flick(15300,6,12,12,16)
tap(15600,1,1)
flick(15750,2,12,2,4)
tap(15900,1,1)
flick(16050,5,24,6,4)
tap(16200,2,1)
flick(16350,6,24,8,4)
tap(16500,2,1)
flick(16650,7,24,10,4)
tap(16800,3,1)
flick(16950,8,24,12,4)
tap(17100,3,1)
flick(17250,9,24,14,4)
tap(17400,4,1)
flick(17550,10,24,16,4)
tap(17700,4,1)
flick(17850,11,24,18,4)
hold(18000,5,1,1200)
hold(18000,0,1,1200)
flick(18000,10,24,4,16)
flick(18150,14,24,4,4)
flick(18300,9,24,6,16)
flick(18450,15,24,6,4)
flick(18600,12,48,8,16)
flick(18600,20,48,8,16)
flick(18675,32,48,16,4)
flick(18750,15,48,18,16)
flick(18825,33,48,18,4)
flick(18900,14,48,20,16)
flick(18975,34,48,20,4)
flick(19050,13,48,22,16)
flick(19125,35,48,22,4)
flick(19200,3,6,2,16)
flick(19200,1,6,2,16)
flick(19200,5,6,2,16)
flick(19500,10,12,4,4)
skyarea(19500,11,12,2,11,12,2,0,1,131,90)
skyarea(19631,6,12,12,6,12,12,0,1,38,90)
skyarea(19669,1,12,2,1,12,2,0,1,131,90)
flick(19800,2,12,4,4)
skyarea(20100,6,12,8,6,12,8,2,2,37,92)
skyarea(20250,6,12,8,6,12,8,2,2,37,93)
hold(20400,2,1,300)
hold(20400,3,1,300)
skyarea(20400,3,12,6,10,12,4,1,1,300,96)
skyarea(20700,10,12,4,3,12,4,2,2,300,96)
hold(21000,0,1,300)
flick(21000,3,12,4,16)
tap(21300,2,1)
tap(21450,2,1)
tap(21600,1,5)
flick(21600,9,12,4,4)
tap(21750,2,3)
tap(21900,2,3)
tap(22050,2,3)
tap(22200,1,0)
flick(22200,3,12,4,16)
hold(22350,1,1,150)
hold(22500,2,1,150)
tap(22650,1,3)
tap(22800,1,5)
flick(22800,9,12,4,4)
hold(22950,4,1,150)
hold(23100,3,1,150)
tap(23250,1,2)
tap(23400,1,0)
flick(23400,3,12,4,16)
hold(23550,1,1,150)
hold(23700,2,1,150)
tap(23850,1,3)
tap(24000,1,5)
flick(24000,9,12,4,4)
hold(24150,4,1,150)
hold(24300,3,1,300)
skyarea(24300,10,12,4,2,12,4,1,1,300,125)
flick(24600,5,12,10,4)
hold(24900,0,1,300)
flick(24900,7,12,10,16)
skyarea(24900,5,12,6,3,12,6,0,0,262,129)
hold(25200,5,1,300)
skyarea(25200,3,12,6,10,12,4,1,1,300,131)
skyarea(25500,10,12,4,3,12,4,2,2,300,131)
tap(25800,1,0)
tap(25950,2,1)
hold(26100,1,2,150)
skyarea(26100,3,12,6,3,12,2,1,1,300,135)
tap(26400,1,5)
flick(26400,7,12,10,4)
tap(26550,2,3)
tap(26700,2,3)
tap(26850,2,3)
tap(27000,1,0)
flick(27000,5,12,10,16)
tap(27150,2,1)
tap(27300,2,1)
tap(27450,2,1)
tap(27600,1,5)
flick(27600,7,12,10,4)
tap(27750,2,3)
hold(27900,3,2,150)
skyarea(27900,9,12,6,9,12,2,1,1,300,150)
tap(28200,1,0)
flick(28200,5,12,10,16)
tap(28350,2,1)
hold(28500,1,2,150)
skyarea(28500,3,12,6,3,12,2,1,1,300,155)
flick(28800,7,12,10,4)
skyarea(29100,3,6,6,3,6,2,1,1,300,157)
skyarea(29400,3,6,2,5,6,2,1,1,75,157)
skyarea(29475,5,6,2,3,6,2,2,2,75,157)
skyarea(29550,3,6,2,1,6,2,1,1,75,157)
skyarea(29625,1,6,2,3,6,2,2,2,75,157)
hold(30000,2,1,300)
hold(30000,3,1,300)
skyarea(30000,9,12,6,2,12,4,1,1,300,160)
skyarea(30300,2,12,4,9,12,4,2,2,300,160)
hold(30600,5,1,300)
flick(30600,9,12,4,4)
tap(30900,2,3)
tap(31050,2,3)
tap(31200,1,0)
flick(31200,3,12,4,16)
tap(31350,2,1)
tap(31500,2,1)
tap(31650,2,1)
tap(31800,1,5)
flick(31800,9,12,4,4)
hold(31950,4,1,150)
hold(32100,3,1,150)
tap(32250,1,2)
tap(32400,1,0)
flick(32400,3,12,4,16)
hold(32550,1,1,150)
hold(32700,2,1,150)
tap(32850,1,3)
tap(33000,1,5)
flick(33000,9,12,4,4)
hold(33150,4,1,150)
hold(33300,3,1,150)
tap(33450,1,2)
tap(33600,1,0)
flick(33600,3,12,4,16)
hold(33750,1,1,150)
hold(33900,2,1,300)
skyarea(33900,2,12,4,10,12,4,1,1,300,189)
flick(34200,7,12,10,16)
hold(34500,5,1,300)
flick(34500,5,12,10,4)
skyarea(34500,7,12,6,9,12,6,0,0,262,193)
hold(34800,0,1,300)
skyarea(34800,9,12,6,2,12,4,1,1,300,195)
skyarea(35100,2,12,4,9,12,4,2,2,300,195)
tap(35400,1,5)
tap(35550,2,3)
hold(35700,3,2,150)
skyarea(35700,9,12,6,9,12,2,1,1,300,199)
tap(36000,1,0)
flick(36000,5,12,10,16)
tap(36150,2,1)
tap(36300,2,1)
tap(36450,2,1)
tap(36600,1,5)
flick(36600,7,12,10,4)
tap(36750,2,3)
tap(36900,2,3)
tap(37050,2,3)
tap(37200,1,0)
flick(37200,5,12,10,16)
tap(37350,2,1)
hold(37500,1,2,150)
skyarea(37500,3,12,6,3,12,2,1,1,300,214)
tap(37800,1,5)
flick(37800,7,12,10,4)
tap(37950,2,3)
hold(38100,3,2,150)
skyarea(38100,9,12,6,9,12,2,1,1,300,219)
tap(38400,1,0)
tap(38400,1,1)
flick(38400,5,12,10,16)
tap(38550,1,1)
tap(38550,1,0)
tap(38700,4,1)
tap(38850,1,4)
tap(38850,1,5)
tap(39000,1,5)
tap(39000,1,4)
skyarea(39300,6,12,12,6,12,4,1,1,225,230)
hold(39600,4,1,150)
hold(39600,1,1,150)
skyarea(39600,6,12,4,10,12,4,1,1,150,233)
skyarea(39750,10,12,4,1,12,2,2,2,300,233)
tap(40200,1,3)
tap(40200,1,2)
tap(40350,1,3)
tap(40350,1,2)
tap(40500,1,3)
tap(40500,1,2)
tap(40650,1,1)
tap(40800,1,2)
tap(40800,1,3)
tap(40950,1,1)
tap(41100,1,3)
tap(41100,1,2)
tap(41250,1,3)
tap(41250,1,2)
tap(41400,1,5)
flick(41400,8,12,8,4)
skyarea(41550,6,12,4,6,12,4,0,0,150,250)
skyarea(41700,6,12,4,6,12,10,0,0,225,250)
hold(42000,1,1,150)
hold(42000,4,1,150)
skyarea(42000,6,12,4,2,12,4,1,1,150,253)
skyarea(42150,2,12,4,11,12,2,2,2,300,253)
tap(42600,1,3)
tap(42600,1,2)
tap(42750,1,2)
tap(42750,1,3)
tap(42900,1,2)
tap(42900,1,3)
tap(43050,1,4)
tap(43200,1,3)
tap(43200,1,2)
tap(43350,1,4)
tap(43500,1,3)
tap(43500,1,2)
tap(43650,1,2)
tap(43650,1,3)
tap(43800,1,0)
flick(43800,4,12,8,16)
skyarea(43950,6,12,4,6,12,4,0,0,150,270)
skyarea(44100,6,12,4,6,12,10,0,0,225,270)
hold(44400,4,1,3600)
hold(44400,1,1,3600)
flick(44700,1,12,2,4)
flick(44850,11,12,2,16)
flick(45150,7,24,14,4)
skyarea(45150,11,24,6,12,24,8,0,0,150,276)
skyarea(45300,36,96,56,36,96,60,0,0,37,276)
skyarea(45337,19,96,26,16,96,32,0,1,113,276)
flick(45450,4,12,8,4)
flick(45750,17,24,14,16)
skyarea(45750,13,24,6,12,24,8,0,0,150,279)
skyarea(45900,60,96,56,60,96,60,0,0,37,279)
skyarea(45937,77,96,26,80,96,32,1,0,113,279)
flick(46050,8,12,8,16)
flick(46350,7,24,14,4)
skyarea(46350,11,24,6,12,24,8,0,0,150,282)
skyarea(46500,36,96,56,36,96,60,0,0,37,282)
skyarea(46537,19,96,26,16,96,32,0,1,113,282)
flick(46650,4,12,8,4)
flick(46950,17,24,14,16)
skyarea(46950,13,24,6,12,24,8,0,0,150,285)
skyarea(47100,60,96,56,60,96,60,0,0,37,285)
skyarea(47137,77,96,26,80,96,32,1,0,113,285)
flick(47250,8,12,8,16)
flick(47550,6,12,8,4)
skyarea(47550,8,12,4,8,12,4,0,0,150,288)
skyarea(47700,12,24,16,12,24,16,0,0,37,288)
skyarea(47737,8,24,8,8,24,8,0,0,113,288)
flick(47850,6,12,8,4)
flick(48000,6,12,8,16)
flick(48300,20,24,8,4)
skyarea(48300,22,24,4,19,24,10,0,0,150,292)
flick(48600,4,24,8,16)
skyarea(48600,2,24,4,5,24,10,0,0,150,294)
skyarea(48900,12,24,4,12,24,10,0,0,150,295)
hold(49200,1,4,300)
flick(49200,6,12,12,16)
flick(49500,6,12,12,4)
skyarea(49500,6,12,12,10,12,4,0,1,75,299)
skyarea(49575,10,12,4,11,12,2,0,0,1125,299)
skyarea(50700,6,12,12,2,12,4,1,0,75,299)
skyarea(50775,2,12,4,1,12,2,0,0,1125,299)
skyarea(51900,6,12,12,10,12,4,0,1,75,299)
skyarea(51975,10,12,4,11,12,2,0,0,1125,299)
skyarea(53100,6,12,12,2,12,4,1,0,75,299)
skyarea(53175,2,12,4,1,12,2,0,0,1125,299)
tap(49800,1,3)
tap(49800,1,2)
tap(49950,1,2)
tap(49950,1,3)
tap(50100,1,3)
tap(50100,1,2)
tap(50400,1,2)
tap(50400,1,3)
tap(50700,1,2)
tap(50700,1,3)
flick(50700,6,12,12,16)
tap(50850,1,3)
tap(50850,1,2)
hold(51150,1,1,150)
hold(51300,2,1,150)
tap(51450,1,3)
flick(51900,6,12,12,4)
tap(52200,1,3)
tap(52200,1,2)
tap(52350,1,2)
tap(52350,1,3)
tap(52500,1,2)
tap(52500,1,3)
tap(52650,1,2)
tap(52650,1,3)
tap(52800,1,2)
tap(52800,1,3)
tap(53100,1,2)
tap(53100,1,3)
flick(53100,6,12,12,16)
tap(53250,1,3)
tap(53250,1,2)
hold(53550,4,1,150)
hold(53700,3,1,150)
tap(53850,1,2)
tap(54300,1,5)
tap(54300,1,0)
flick(54300,6,12,12,4)
hold(54600,2,1,150)
hold(54750,3,1,150)
hold(54900,2,1,150)
hold(55050,3,1,150)
hold(55200,2,1,150)
hold(55350,3,1,150)
tap(55500,1,0)
tap(55500,1,5)
flick(55500,6,12,12,16)
tap(55950,2,1)
hold(56100,1,2,150)
skyarea(56100,3,12,6,3,12,4,1,1,150,349)
flick(56250,6,12,10,4)
tap(56550,2,3)
hold(56700,3,2,150)
skyarea(56700,9,12,6,9,12,4,1,1,150,353)
flick(56850,6,12,10,16)
tap(57150,2,2)
hold(57300,2,2,150)
skyarea(57300,6,12,6,6,12,4,1,1,150,357)
flick(57450,6,12,12,4)
flick(57600,6,12,12,16)
skyarea(57600,3,16,6,14,16,4,1,1,300,360)
skyarea(57900,14,16,4,3,16,6,2,2,300,360)
skyarea(58200,6,12,12,6,12,2,1,1,300,360)
hold(58200,3,1,300)
hold(58200,2,1,300)
tap(58800,1,2)
skyarea(58800,12,24,4,12,24,4,0,0,600,364)
skyarea(59400,8,12,2,6,12,2,1,1,600,364)
skyarea(60000,6,12,2,6,12,2,1,1,600,364)
skyarea(60600,4,12,2,6,12,2,1,1,600,364)
skyarea(61200,6,12,2,6,12,2,1,1,600,364)
skyarea(61800,8,12,2,6,12,2,1,1,600,364)
skyarea(62400,6,12,2,6,12,2,1,1,600,364)
skyarea(63000,4,12,2,6,12,2,1,1,600,364)
skyarea(63600,6,12,2,6,12,2,1,1,600,364)
skyarea(64200,18,24,4,12,24,4,1,1,600,364)
skyarea(64800,6,12,2,6,12,2,1,1,600,364)
skyarea(65400,6,24,4,12,24,4,1,1,600,364)
skyarea(66000,12,24,4,12,24,4,1,1,600,364)
skyarea(66600,18,24,4,12,24,4,1,1,600,364)
skyarea(67200,12,24,4,12,24,4,1,1,600,364)
skyarea(67800,6,24,4,12,24,4,1,1,525,364)
tap(59100,1,3)
tap(59400,1,5)
flick(59400,7,12,4,4)
tap(59700,1,4)
tap(60000,1,3)
tap(60300,1,2)
tap(60600,1,0)
flick(60600,5,12,4,16)
tap(60900,1,1)
tap(61200,1,2)
tap(61500,1,3)
tap(61800,1,5)
flick(61800,7,12,4,4)
tap(62100,1,4)
tap(62400,1,2)
tap(62700,1,3)
tap(63000,1,0)
flick(63000,5,12,4,16)
tap(63300,1,1)
tap(63600,1,3)
tap(63900,1,2)
tap(64200,1,5)
flick(64200,15,24,10,4)
tap(64500,1,4)
tap(64800,1,3)
tap(65100,1,2)
tap(65400,1,0)
flick(65400,9,24,10,16)
tap(65700,1,1)
tap(66000,1,2)
tap(66300,1,3)
tap(66600,1,5)
flick(66600,15,24,10,4)
tap(66900,1,4)
tap(67200,1,2)
tap(67500,1,3)
tap(67800,1,0)
flick(67800,9,24,10,16)
tap(68100,1,1)
tap(68400,1,4)
skyarea(68400,6,12,4,2,12,4,1,1,450,405)
skyarea(68850,2,12,4,6,12,4,2,2,450,405)
tap(68700,1,3)
hold(69000,2,1,1200)
flick(69300,7,12,6,4)
flick(69600,6,12,8,16)
flick(69900,5,12,6,4)
skyarea(69900,6,12,4,2,12,4,1,1,450,411)
skyarea(70350,2,12,4,6,12,4,2,2,450,411)
skyarea(70800,6,12,4,10,12,4,1,1,450,411)
skyarea(71250,10,12,4,6,12,4,2,2,450,411)
tap(70200,1,3)
tap(70500,1,4)
tap(70800,1,1)
tap(71100,1,2)
hold(71400,3,1,1200)
flick(71700,5,12,6,16)
flick(72000,6,12,8,4)
flick(72300,7,12,6,16)
skyarea(72300,6,12,4,10,12,4,1,1,450,420)
skyarea(72750,10,12,4,6,12,4,2,2,450,420)
skyarea(73200,6,12,4,2,12,4,1,1,450,420)
skyarea(73650,2,12,4,6,12,4,2,2,450,420)
tap(72600,1,2)
tap(72900,1,1)
tap(73200,1,4)
tap(73500,1,3)
hold(73800,0,1,1200)
flick(74100,8,12,8,4)
flick(74400,7,12,10,16)
flick(74700,5,12,6,4)
skyarea(74700,6,12,4,2,12,4,1,1,450,429)
skyarea(75150,2,12,4,6,12,4,2,2,450,429)
skyarea(75600,6,12,4,10,12,4,1,1,450,429)
skyarea(76050,10,12,4,6,12,4,2,2,450,429)
tap(75000,1,3)
tap(75300,1,4)
tap(75600,1,1)
tap(75900,1,2)
hold(76200,5,1,1200)
flick(76500,4,12,8,16)
flick(76800,5,12,10,4)
flick(77100,7,12,6,16)
skyarea(77100,6,12,4,10,12,4,1,1,450,438)
skyarea(77550,10,12,4,6,12,4,2,2,450,438)
tap(77400,1,2)
tap(77700,1,1)
hold(78000,4,1,450)
flick(78000,6,12,8,4)
tap(78450,2,2)
tap(78900,2,2)
tap(79050,2,2)
tap(79125,2,2)
hold(79200,4,1,450)
tap(79650,2,2)
tap(80100,2,2)
tap(80250,2,2)
tap(80325,2,2)
hold(80400,4,1,450)
tap(80850,2,2)
tap(81300,2,2)
tap(81450,2,2)
tap(81525,2,2)
hold(81600,1,4,600)
skyarea(81600,6,12,12,2,12,4,1,1,300,458)
skyarea(81900,2,12,4,10,12,4,2,2,300,458)
flick(82500,6,12,12,16)
tap(82800,1,1)
tap(82950,1,2)
tap(83100,1,2)
tap(83250,1,2)
tap(83400,1,1)
tap(83475,1,3)
tap(83550,1,2)
tap(83700,1,2)
tap(83850,1,2)
tap(84000,1,4)
tap(84150,1,3)
tap(84300,1,3)
tap(84450,1,3)
tap(84600,1,4)
tap(84675,1,2)
tap(84750,1,3)
tap(84900,1,3)
tap(85050,1,3)
tap(85200,4,1)
tap(85350,2,2)
tap(85500,2,2)
tap(85650,2,2)
tap(85800,2,1)
tap(85875,2,3)
tap(85950,2,2)
tap(86100,2,2)
tap(86250,2,2)
tap(86400,1,4)
tap(86400,1,5)
tap(86550,1,4)
tap(86550,1,5)
tap(86700,4,1)
tap(86850,1,1)
tap(86850,1,0)
tap(87000,1,1)
tap(87000,1,0)
flick(87300,2,20,4,4)
flick(87337,6,20,4,4)
flick(87375,10,20,4,4)
flick(87412,14,20,4,4)
flick(87450,18,20,4,4)
hold(87600,5,1,3600)
hold(87600,0,1,3600)
flick(87600,30,60,12,16)
flick(87750,30,60,14,4)
flick(87900,30,60,16,16)
flick(88050,30,60,18,4)
flick(88200,30,60,20,16)
flick(88350,30,60,22,4)
flick(88500,30,60,24,16)
flick(88650,30,60,26,4)
hold(88800,4,1,2400)
hold(88800,1,1,2400)
flick(88800,30,60,28,16)
flick(88950,30,60,30,4)
flick(89100,30,60,32,16)
flick(89250,30,60,34,4)
flick(89400,30,60,36,16)
flick(89550,30,60,38,4)
flick(89700,30,60,40,16)
flick(89850,30,60,42,4)
hold(90000,2,2,1200)
flick(90000,30,60,44,16)
flick(90150,30,60,46,4)
flick(90300,30,60,48,16)
flick(90450,30,60,50,4)
flick(90600,30,60,52,16)
flick(90750,30,60,54,4)
flick(90900,30,60,56,16)
flick(91050,30,60,58,4)
flick(91200,30,60,60,16)
skyarea(91500,2,12,4,10,12,4,1,1,300,531)
skyarea(91800,10,12,4,6,12,4,2,2,150,531)
skyarea(91950,6,12,4,2,12,4,1,1,150,531)
skyarea(92100,2,12,4,10,12,4,2,2,300,531)
tap(92400,1,4)
flick(92550,10,12,2,16)
tap(92700,1,4)
flick(92850,19,24,6,16)
tap(93000,2,3)
flick(93150,18,24,8,16)
tap(93300,2,3)
flick(93450,17,24,10,16)
tap(93600,3,2)
flick(93750,16,24,12,16)
tap(93900,3,2)
flick(94050,15,24,14,16)
tap(94200,4,1)
flick(94350,14,24,16,16)
tap(94500,4,1)
flick(94650,13,24,18,16)
hold(94800,0,1,1200)
hold(94800,5,1,1200)
flick(94800,14,24,4,4)
flick(94950,10,24,4,16)
flick(95100,15,24,6,4)
flick(95250,9,24,6,16)
flick(95400,28,48,8,4)
flick(95400,36,48,8,4)
flick(95475,16,48,16,16)
flick(95550,33,48,18,4)
flick(95625,15,48,18,16)
flick(95700,34,48,20,4)
flick(95775,14,48,20,16)
flick(95850,35,48,22,4)
flick(95925,13,48,22,16)
flick(96000,1,6,2,4)
flick(96000,3,6,2,4)
flick(96000,5,6,2,4)
flick(96300,2,12,4,16)
skyarea(96300,1,12,2,1,12,2,1,0,131,567)
skyarea(96431,6,12,12,6,12,12,1,0,38,567)
skyarea(96469,11,12,2,11,12,2,1,0,131,567)
flick(96600,10,12,4,16)
tap(96900,1,5)
tap(96900,1,0)
tap(97050,1,5)
tap(97050,1,0)
hold(97200,0,1,4650)
hold(97200,5,1,4650)
flick(97350,8,24,8,4)
flick(97369,15,24,6,4)
flick(97387,20,24,4,4)
flick(97406,23,24,2,4)
flick(97650,7,24,8,4)
flick(97669,14,24,6,4)
flick(97687,19,24,4,4)
flick(97706,22,24,2,4)
flick(97950,6,24,8,4)
flick(97969,13,24,6,4)
flick(97987,18,24,4,4)
flick(98006,21,24,2,4)
flick(98250,4,24,6,4)
flick(98269,9,24,4,4)
flick(98287,12,24,2,4)
flick(98550,16,24,8,16)
flick(98569,9,24,6,16)
flick(98587,4,24,4,16)
flick(98606,1,24,2,16)
flick(98850,17,24,8,16)
flick(98869,10,24,6,16)
flick(98887,5,24,4,16)
flick(98906,2,24,2,16)
flick(99150,18,24,8,16)
flick(99169,11,24,6,16)
flick(99187,6,24,4,16)
flick(99206,3,24,2,16)
flick(99450,20,24,6,16)
flick(99469,15,24,4,16)
flick(99487,12,24,2,16)
flick(99750,5,30,10,4)
flick(99769,14,30,8,4)
flick(99787,21,30,6,4)
flick(99806,26,30,4,4)
flick(99825,29,30,2,4)
flick(100050,25,30,10,16)
flick(100069,16,30,8,16)
flick(100087,9,30,6,16)
flick(100106,4,30,4,16)
flick(100125,1,30,2,16)
flick(100350,5,30,10,4)
flick(100369,14,30,8,4)
flick(100387,21,30,6,4)
flick(100406,26,30,4,4)
flick(100425,29,30,2,4)
skyarea(100650,2,12,4,11,12,2,0,0,75,620)
flick(100950,25,30,10,16)
flick(100969,16,30,8,16)
flick(100987,9,30,6,16)
flick(101006,4,30,4,16)
flick(101025,1,30,2,16)
flick(101250,5,30,10,4)
flick(101269,14,30,8,4)
flick(101287,21,30,6,4)
flick(101306,26,30,4,4)
flick(101325,29,30,2,4)
flick(101550,25,30,10,16)
flick(101569,16,30,8,16)
flick(101587,9,30,6,16)
flick(101606,4,30,4,16)
flick(101625,1,30,2,16)
skyarea(101850,10,12,4,1,12,2,0,0,75,636)
hold(102000,2,2,2250)
flick(102150,8,24,8,4)
flick(102169,15,24,6,4)
flick(102187,20,24,4,4)
flick(102206,23,24,2,4)
flick(102450,7,24,8,4)
flick(102469,14,24,6,4)
flick(102487,19,24,4,4)
flick(102506,22,24,2,4)
flick(102750,6,24,8,4)
flick(102769,13,24,6,4)
flick(102787,18,24,4,4)
flick(102806,21,24,2,4)
flick(103050,4,24,6,4)
flick(103069,9,24,4,4)
flick(103087,12,24,2,4)
flick(103350,16,24,8,16)
flick(103369,9,24,6,16)
flick(103387,4,24,4,16)
flick(103406,1,24,2,16)
flick(103650,17,24,8,16)
flick(103669,10,24,6,16)
flick(103687,5,24,4,16)
flick(103706,2,24,2,16)
flick(103950,18,24,8,16)
flick(103969,11,24,6,16)
flick(103987,6,24,4,16)
flick(104006,3,24,2,16)
flick(104250,20,24,6,16)
flick(104269,15,24,4,16)
flick(104287,12,24,2,16)
tap(104400,1,5)
flick(104400,5,12,10,4)
tap(104550,2,2)
tap(104700,1,0)
flick(104700,7,12,10,16)
tap(104850,2,2)
tap(105000,1,5)
flick(105000,5,12,10,4)
tap(105150,2,2)
tap(105300,1,0)
flick(105300,7,12,10,16)
tap(105450,2,2)
tap(105600,1,5)
flick(105600,8,12,8,4)
tap(105750,4,1)
tap(105900,1,0)
flick(105900,4,12,8,16)
tap(106050,4,1)
tap(106200,1,5)
flick(106200,8,12,8,4)
tap(106350,4,1)
tap(106500,1,0)
flick(106500,4,12,8,16)
hold(106800,4,1,300)
hold(106800,1,1,300)
tap(107100,1,5)
flick(107100,8,12,6,4)
tap(107400,1,3)
tap(107400,1,2)
skyarea(107400,6,12,2,6,12,2,2,1,112,697)
tap(107550,1,2)
tap(107550,1,3)
skyarea(107550,6,12,2,6,12,2,2,1,112,700)
tap(107700,1,2)
tap(107700,1,3)
skyarea(107700,6,12,2,6,12,2,2,1,112,703)
tap(107850,1,0)
flick(107850,4,12,6,16)
tap(108000,1,2)
tap(108000,1,3)
skyarea(108000,6,12,2,6,12,2,2,1,112,708)
tap(108150,1,5)
flick(108150,8,12,6,4)
tap(108300,1,2)
tap(108300,1,3)
skyarea(108300,6,12,2,6,12,2,2,1,112,713)
tap(108450,1,2)
tap(108450,1,3)
skyarea(108450,6,12,2,6,12,2,2,1,112,716)
tap(108600,1,0)
flick(108600,4,12,6,16)
tap(108750,4,1)
tap(108900,1,5)
flick(108900,8,12,6,4)
tap(109050,4,1)
tap(109200,1,0)
flick(109200,4,12,6,16)
tap(109350,4,1)
tap(109500,1,5)
flick(109500,8,12,6,4)
tap(109800,1,2)
tap(109800,1,3)
skyarea(109800,6,12,2,6,12,2,2,1,112,730)
tap(109950,1,2)
tap(109950,1,3)
skyarea(109950,6,12,2,6,12,2,2,1,112,733)
tap(110100,1,2)
tap(110100,1,3)
skyarea(110100,6,12,2,6,12,2,2,1,112,736)
tap(110250,1,0)
flick(110250,4,12,6,16)
tap(110400,1,3)
tap(110400,1,2)
skyarea(110400,6,12,2,6,12,2,2,1,112,741)
tap(110550,1,5)
flick(110550,8,12,6,4)
tap(110700,1,3)
tap(110700,1,2)
skyarea(110700,6,12,2,6,12,2,2,1,112,746)
tap(110850,1,2)
tap(110850,1,3)
skyarea(110850,6,12,2,6,12,2,2,1,112,749)
tap(111000,1,0)
flick(111000,4,12,6,16)
tap(111150,4,1)
tap(111300,1,5)
flick(111300,7,12,6,4)
tap(111450,4,1)
hold(111600,5,1,1800)
hold(111600,0,1,1800)
skyarea(111600,9,12,6,2,12,4,1,1,300,758)
skyarea(111900,2,12,4,8,12,4,2,2,300,758)
tap(112200,4,1)
flick(112200,5,12,10,16)
skyarea(112800,3,12,6,10,12,4,1,1,300,761)
skyarea(113100,10,12,4,4,12,4,2,2,300,761)
tap(113400,4,1)
flick(113400,7,12,10,4)
tap(113700,4,1)
flick(113700,6,12,12,16)
tap(114000,1,5)
flick(114000,6,12,12,4)
tap(114150,2,2)
tap(114300,1,0)
flick(114300,3,12,6,16)
tap(114450,2,2)
tap(114600,1,5)
flick(114600,9,12,6,4)
tap(114750,2,2)
tap(114900,1,0)
flick(114900,2,12,4,16)
tap(115050,2,2)
tap(115200,1,4)
tap(115200,1,5)
flick(115200,10,12,4,4)
tap(115425,1,1)
tap(115425,1,0)
flick(115425,3,12,6,16)
tap(115650,1,5)
tap(115650,1,4)
flick(115650,9,12,6,4)
tap(115800,1,1)
tap(115800,1,0)
flick(115800,2,12,4,16)
tap(116100,1,3)
tap(116100,1,2)
flick(116100,10,12,4,4)
tap(116400,1,1)
flick(116400,6,12,12,16)
tap(116550,1,2)
tap(116700,1,3)
flick(116700,6,12,4,4)
skyarea(116700,14,24,4,12,24,6,2,2,150,798)
tap(116850,1,2)
tap(117000,1,1)
flick(117000,4,12,4,16)
skyarea(117000,6,24,4,4,24,6,2,2,150,802)
tap(117150,1,2)
tap(117300,1,3)
flick(117300,6,12,4,4)
skyarea(117300,14,24,4,16,24,6,2,2,150,806)
tap(117450,1,2)
tap(117600,1,1)
flick(117600,4,12,4,16)
skyarea(117600,6,24,4,8,24,6,2,2,150,810)
tap(117750,2,2)
tap(117900,1,4)
flick(117900,8,12,4,4)
skyarea(117900,18,24,4,16,24,6,2,2,150,814)
tap(118050,2,2)
tap(118200,1,1)
flick(118200,4,12,4,16)
skyarea(118200,6,24,4,4,24,6,2,2,150,818)
tap(118350,2,2)
tap(118500,1,4)
flick(118500,8,12,4,4)
skyarea(118500,18,24,4,20,24,6,2,2,150,822)
tap(118650,2,2)
tap(118800,1,0)
flick(118800,2,12,4,16)
skyarea(118800,2,24,4,4,24,6,2,2,150,826)
tap(118950,2,2)
tap(119100,1,5)
flick(119100,10,12,4,4)
skyarea(119100,22,24,4,20,24,6,2,2,150,830)
tap(119250,2,2)
tap(119400,1,0)
flick(119400,2,12,4,16)
skyarea(119400,2,24,4,4,24,6,2,2,150,834)
tap(119550,2,2)
tap(119700,1,5)
flick(119700,10,12,4,4)
skyarea(119700,22,24,4,20,24,6,2,2,150,838)
tap(119850,2,2)
tap(120000,1,0)
flick(120000,4,12,8,16)
skyarea(120000,2,24,4,4,24,6,2,2,150,842)
tap(120150,4,1)
tap(120300,1,5)
flick(120300,8,12,8,4)
skyarea(120300,10,12,4,3,12,6,1,1,300,846)
tap(120450,4,1)
hold(120600,5,1,300)
flick(120600,6,12,12,4)
tap(120900,1,0)
flick(120900,8,24,16,16)
tap(121200,1,4)
flick(121200,6,12,12,4)
tap(121350,1,3)
tap(121500,1,2)
flick(121500,6,12,4,16)
skyarea(121500,10,24,4,12,24,6,2,2,150,857)
tap(121650,1,3)
tap(121800,1,4)
flick(121800,8,12,4,4)
skyarea(121800,18,24,4,20,24,6,2,2,150,861)
tap(121950,1,3)
tap(122100,1,2)
flick(122100,6,12,4,16)
skyarea(122100,10,24,4,8,24,6,2,2,150,865)
tap(122250,1,3)
tap(122400,1,4)
flick(122400,8,12,4,4)
skyarea(122400,18,24,4,16,24,6,2,2,150,869)
tap(122550,2,2)
tap(122700,1,1)
flick(122700,4,12,4,16)
skyarea(122700,6,24,4,8,24,6,2,2,150,873)
tap(122850,2,2)
tap(123000,1,4)
flick(123000,8,12,4,4)
skyarea(123000,18,24,4,20,24,6,2,2,150,877)
tap(123150,2,2)
tap(123300,1,1)
flick(123300,4,12,4,16)
skyarea(123300,6,24,4,4,24,6,2,2,150,881)
tap(123450,2,2)
tap(123600,1,5)
flick(123600,10,12,4,4)
skyarea(123600,22,24,4,20,24,6,2,2,150,885)
tap(123750,2,2)
tap(123900,1,0)
flick(123900,2,12,4,16)
skyarea(123900,2,24,4,4,24,6,2,2,150,889)
tap(124050,2,2)
tap(124200,1,5)
flick(124200,10,12,4,4)
skyarea(124200,22,24,4,20,24,6,2,2,150,893)
tap(124350,2,2)
tap(124500,1,0)
flick(124500,2,12,4,16)
skyarea(124500,2,24,4,4,24,6,2,2,150,897)
tap(124650,2,2)
tap(124800,1,5)
flick(124800,8,12,8,4)
skyarea(124800,22,24,4,20,24,6,2,2,150,901)
tap(124950,4,1)
tap(125100,1,0)
flick(125100,4,12,8,16)
skyarea(125100,2,12,4,9,12,6,1,1,300,905)
tap(125250,4,1)
hold(125400,0,1,300)
flick(125400,6,12,12,16)
tap(125700,1,5)
flick(125700,16,24,16,4)
tap(126000,1,4)
tap(126000,1,1)
skyarea(126000,6,12,12,6,12,4,1,1,300,913)
skyarea(126300,5,12,4,2,12,4,1,1,150,913)
skyarea(126450,2,12,4,5,12,4,2,2,150,913)
skyarea(126600,7,12,4,10,12,4,1,1,150,913)
skyarea(126750,10,12,4,7,12,4,2,2,150,913)
skyarea(126900,5,12,4,2,12,4,1,1,150,913)
skyarea(127050,2,12,4,5,12,4,2,2,150,913)
skyarea(127200,7,12,4,10,12,4,1,1,150,913)
skyarea(127350,10,12,4,7,12,4,2,2,150,913)
skyarea(127500,5,12,4,2,12,4,1,1,150,913)
skyarea(127650,2,12,4,5,12,4,2,2,150,913)
skyarea(127800,7,12,4,10,12,4,1,1,150,913)
skyarea(127950,10,12,4,7,12,4,2,2,150,913)
tap(126300,2,1)
flick(126300,11,24,10,16)
tap(126450,2,2)
tap(126600,2,3)
flick(126600,6,12,6,4)
tap(126750,2,2)
tap(126900,2,1)
flick(126900,6,12,6,16)
tap(127050,2,2)
tap(127200,2,3)
flick(127200,6,12,6,4)
tap(127350,2,2)
tap(127500,2,1)
flick(127500,6,12,6,16)
tap(127650,2,2)
tap(127800,2,3)
flick(127800,6,12,6,4)
tap(127950,2,2)
tap(128100,2,1)
flick(128100,12,24,12,16)
hold(128400,1,4,150)
skyarea(128400,6,12,12,6,12,4,1,1,300,935)
skyarea(128700,7,12,4,10,12,4,1,1,150,935)
skyarea(128850,10,12,4,7,12,4,2,2,150,935)
skyarea(129000,5,12,4,2,12,4,1,1,150,935)
skyarea(129150,2,12,4,5,12,4,2,2,150,935)
skyarea(129300,7,12,4,10,12,4,1,1,150,935)
skyarea(129450,10,12,4,7,12,4,2,2,150,935)
skyarea(129600,5,12,4,2,12,4,1,1,150,935)
skyarea(129750,2,12,4,5,12,4,2,2,150,935)
skyarea(129900,7,12,4,10,12,4,1,1,150,935)
skyarea(130050,10,12,4,7,12,4,2,2,150,935)
skyarea(130200,5,12,4,2,12,4,1,1,150,935)
skyarea(130350,2,12,4,5,12,4,2,2,150,935)
tap(128700,2,3)
flick(128700,13,24,10,4)
tap(128850,2,2)
tap(129000,2,1)
flick(129000,6,12,6,16)
tap(129150,2,2)
tap(129300,2,3)
flick(129300,6,12,6,4)
tap(129450,2,2)
tap(129600,2,1)
flick(129600,6,12,6,16)
tap(129750,2,2)
tap(129900,2,3)
flick(129900,6,12,6,4)
tap(130050,2,2)
tap(130200,2,1)
flick(130200,6,12,6,16)
tap(130350,2,2)
tap(130500,2,3)
flick(130500,12,24,12,4)
hold(130800,5,1,300)
hold(130800,0,1,300)
tap(131100,4,1)
tap(131250,2,1)
tap(131325,2,2)
tap(131400,2,3)
tap(131700,1,2)
tap(131700,1,3)
tap(131850,1,3)
tap(131850,1,2)
tap(132000,1,5)
tap(132000,1,0)
tap(132150,1,5)
tap(132150,1,0)
tap(132300,4,1)
tap(132450,2,3)
tap(132525,2,2)
tap(132600,2,1)
tap(132825,1,3)
tap(132825,1,2)
tap(133050,1,3)
tap(133050,1,2)
tap(133200,1,0)
flick(133200,5,12,6,16)
skyarea(133200,6,24,4,4,24,6,2,2,150,980)
tap(133350,4,1)
tap(133500,1,5)
flick(133500,7,12,6,4)
skyarea(133500,18,24,4,20,24,6,2,2,150,984)
tap(133650,4,1)
tap(133800,1,0)
flick(133800,4,12,6,16)
skyarea(133800,4,24,4,6,24,6,2,2,150,988)
tap(133950,4,1)
tap(134100,1,5)
flick(134100,8,12,6,4)
skyarea(134100,20,24,4,18,24,6,2,2,150,992)
tap(134250,4,1)
tap(134400,1,1)
tap(134400,1,0)
flick(134400,6,24,12,16)
tap(134625,1,4)
tap(134625,1,5)
flick(134625,9,12,6,4)
tap(134850,1,0)
tap(134850,1,1)
flick(134850,4,12,8,16)
tap(135000,1,5)
tap(135000,1,4)
flick(135000,16,24,16,4)
tap(135300,1,2)
tap(135300,1,3)
flick(135300,6,12,8,16)
tap(135600,1,5)
tap(135600,1,0)
flick(135600,6,12,8,4)
