chart(172.0,4.0)
skyarea(1395,12,24,24,12,24,8,1,1,1308,0)
skyarea(2791,12,24,8,4,24,8,2,2,697,1)
skyarea(3488,4,24,8,12,24,8,1,1,611,1)
skyarea(4186,12,24,8,18,24,8,1,1,523,2)
skyarea(4709,18,24,8,12,24,8,2,2,524,2)
skyarea(5233,12,24,8,6,24,8,1,1,523,2)
skyarea(5756,6,24,8,12,24,8,2,2,436,2)
skyarea(6279,12,24,8,20,24,8,2,2,697,3)
skyarea(6976,20,24,8,12,24,8,1,1,611,3)
skyarea(8372,12,24,8,4,24,8,2,2,698,4)
skyarea(9070,4,24,8,12,24,8,1,1,697,4)
skyarea(9767,12,24,8,20,24,8,2,2,698,4)
skyarea(10465,20,24,8,12,24,8,1,1,611,4)
skyarea(11163,12,24,8,4,24,8,1,1,697,5)
skyarea(11860,4,24,8,12,24,8,2,2,611,5)
skyarea(12558,12,24,16,12,24,8,1,1,1308,6)
skyarea(13953,12,24,8,20,24,8,2,2,697,7)
skyarea(14650,20,24,8,12,24,8,1,1,611,7)
skyarea(15348,12,24,8,6,24,8,1,1,523,8)
skyarea(15871,6,24,8,12,24,8,2,2,524,8)
skyarea(16395,12,24,8,18,24,8,1,1,523,8)
skyarea(16918,18,24,8,12,24,8,2,2,436,8)
skyarea(17441,12,24,8,4,24,8,2,2,697,9)
skyarea(18138,4,24,8,12,24,8,1,1,611,9)
skyarea(19534,12,24,8,20,24,8,2,2,698,10)
skyarea(20232,20,24,8,12,24,8,1,1,611,10)
skyarea(20930,12,24,8,20,24,8,1,1,697,11)
skyarea(21627,20,24,8,12,24,8,2,2,611,11)
flick(22326,12,24,8,16)
skyarea(22674,6,12,4,6,12,12,1,1,698,13)
tap(23721,1,1)
tap(24070,1,1)
tap(24419,1,1)
tap(25116,1,2)
tap(25465,1,2)
tap(25814,1,2)
tap(26512,1,1)
tap(26860,1,1)
tap(27209,1,1)
tap(27907,1,2)
tap(28256,1,2)
hold(28605,2,1,348)
tap(29302,1,3)
tap(29651,1,3)
tap(30000,1,3)
tap(30698,1,2)
tap(31047,1,2)
tap(31395,1,2)
tap(32093,1,3)
tap(32442,1,3)
tap(32791,1,3)
tap(33488,1,2)
tap(33837,1,2)
hold(34186,2,1,349)
skyarea(34884,10,24,8,20,24,8,2,2,523,38)
flick(35407,10,16,12,16)
flick(35930,15,24,18,16)
skyarea(36279,6,24,8,5,24,8,0,0,174,41)
skyarea(36628,12,24,8,11,24,8,0,0,174,42)
skyarea(36977,18,24,8,17,24,8,0,0,174,43)
skyarea(37674,14,24,8,4,24,8,2,2,523,44)
flick(38198,6,16,12,4)
flick(38720,9,24,18,4)
skyarea(39070,6,24,8,5,24,8,0,0,174,47)
skyarea(39419,12,24,8,11,24,8,0,0,174,48)
skyarea(39768,18,24,8,17,24,8,0,0,174,49)
skyarea(40465,10,24,8,20,24,8,2,2,523,50)
flick(40989,10,16,12,16)
skyarea(41512,14,24,8,4,24,8,2,2,523,52)
flick(42036,6,16,12,4)
flick(42558,9,24,18,16)
flick(42907,15,24,18,4)
flick(43256,12,24,24,16)
skyarea(43953,12,24,8,12,24,10,0,0,175,57)
skyarea(44302,12,24,12,12,24,14,0,0,174,58)
skyarea(44651,12,24,16,12,24,18,0,0,174,59)
skyarea(45000,12,24,20,12,24,22,0,0,174,60)
skyarea(45349,12,24,24,12,24,24,0,0,174,61)
tap(46047,1,5)
tap(46395,1,5)
tap(46744,1,5)
tap(47442,1,5)
tap(47791,1,5)
tap(48140,1,5)
tap(48837,1,5)
tap(49186,1,5)
tap(49535,1,5)
tap(50233,1,5)
tap(50581,1,5)
tap(50930,1,5)
hold(51628,5,1,4186)
skyarea(51628,5,24,10,4,24,8,2,0,174,75)
skyarea(51977,15,24,10,14,24,8,2,0,174,76)
skyarea(52325,5,24,10,4,24,8,2,0,175,77)
flick(53023,8,24,16,4)
flick(53547,16,24,16,16)
skyarea(54419,19,24,10,20,24,8,0,2,174,80)
skyarea(54768,9,24,10,10,24,8,0,2,174,81)
skyarea(55116,19,24,10,20,24,8,0,2,175,82)
flick(55814,16,24,16,16)
hold(57209,5,1,5233)
skyarea(57209,4,24,8,5,24,10,0,0,174,85)
skyarea(57558,12,24,8,12,24,10,0,0,175,86)
skyarea(57907,20,24,8,19,24,10,0,0,174,87)
skyarea(58605,4,24,8,5,24,10,0,0,174,88)
skyarea(58954,12,24,8,12,24,10,0,0,175,89)
skyarea(59303,20,24,8,19,24,10,0,0,174,90)
flick(59651,9,24,18,16)
skyarea(60000,20,24,8,19,24,10,0,0,174,92)
skyarea(60349,12,24,8,12,24,10,0,0,175,93)
skyarea(60698,4,24,8,5,24,10,0,0,174,94)
skyarea(61395,20,24,8,19,24,10,0,0,174,95)
skyarea(61744,12,24,8,12,24,10,0,0,175,96)
skyarea(62093,4,24,8,5,24,10,0,0,174,97)
flick(62442,15,24,18,4)
flick(62791,9,24,18,16)
flick(63140,15,24,18,4)
skyarea(63488,8,12,4,8,12,8,0,0,611,101)
flick(64186,15,24,18,4)
flick(64535,9,24,18,16)
skyarea(64884,4,12,4,4,12,8,0,0,610,104)
skyarea(65581,12,24,8,12,24,24,2,2,1396,105)
flick(66977,12,24,24,4)
hold(68372,2,1,349)
hold(68372,1,1,349)
tap(69070,1,1)
hold(69767,2,1,349)
hold(69767,1,1,349)
tap(70465,1,2)
tap(70814,1,2)
hold(71163,3,1,349)
hold(71163,2,1,349)
tap(71860,1,3)
tap(72558,1,2)
tap(72558,1,3)
flick(73256,12,24,12,16)
hold(73953,2,1,349)
hold(73953,3,1,349)
tap(74651,1,3)
hold(75349,3,1,349)
hold(75349,2,1,349)
tap(76047,1,2)
tap(76395,1,2)
hold(76744,1,1,349)
hold(76744,2,1,349)
tap(77442,1,1)
tap(78140,1,2)
tap(78140,1,1)
flick(78837,12,24,12,4)
hold(79535,1,1,349)
hold(79535,3,1,349)
tap(80233,1,3)
hold(80930,1,1,349)
hold(80930,3,1,349)
tap(81628,1,1)
tap(81977,1,1)
hold(82326,1,1,348)
hold(82326,2,1,349)
tap(83023,1,2)
tap(83721,1,2)
tap(83721,1,1)
flick(84419,12,24,12,16)
hold(85116,3,1,349)
hold(85116,1,1,349)
tap(85814,1,1)
hold(86512,3,1,349)
hold(86512,1,1,349)
tap(87209,1,3)
tap(87558,1,3)
hold(87907,2,1,349)
hold(87907,3,1,349)
tap(88605,1,2)
hold(89302,2,1,1047)
hold(89302,3,1,1047)
flick(90349,12,24,24,4)
skyarea(90698,14,24,8,4,24,8,2,2,349,159)
flick(91047,9,24,18,4)
flick(91744,15,24,18,16)
skyarea(92093,10,24,8,20,24,8,2,2,349,162)
flick(92442,15,24,18,16)
flick(93139,9,24,18,4)
skyarea(93488,14,24,8,4,24,8,2,2,349,165)
flick(93837,9,24,18,4)
flick(94534,15,24,18,16)
skyarea(94884,10,24,8,20,24,8,2,2,349,168)
flick(95233,15,24,18,16)
flick(95581,9,24,18,4)
skyarea(96279,20,24,8,4,24,8,2,2,349,171)
flick(96627,9,24,18,4)
flick(97324,15,24,18,16)
skyarea(97674,4,24,8,20,24,8,2,2,349,174)
flick(98022,15,24,18,16)
flick(98719,9,24,18,4)
skyarea(99070,20,24,8,4,24,8,2,2,349,177)
flick(99418,9,24,18,4)
flick(100115,15,24,18,16)
skyarea(100465,4,24,8,20,24,8,2,2,349,180)
flick(100813,15,24,18,16)
flick(101162,9,24,18,4)
tap(101860,1,3)
tap(102209,1,3)
tap(102558,1,3)
tap(103255,1,2)
tap(103604,1,2)
tap(103953,1,2)
tap(104651,1,1)
tap(105000,1,1)
tap(105349,1,1)
tap(106046,1,2)
tap(106395,1,2)
hold(106744,2,1,348)
tap(107442,1,3)
tap(107791,1,3)
tap(108140,1,1)
tap(108488,1,1)
hold(108837,1,1,1396)
hold(108837,3,1,1396)
flick(110233,12,24,24,16)
skyarea(110930,12,24,8,12,24,10,0,0,175,202)
skyarea(111279,12,24,12,12,24,14,0,0,174,203)
skyarea(111628,12,24,16,12,24,18,0,0,174,204)
skyarea(111977,12,24,20,12,24,22,0,0,174,205)
skyarea(112326,12,24,24,12,24,24,0,0,174,206)
hold(113721,1,1,349)
hold(113721,2,1,349)
tap(114419,1,1)
tap(114680,1,1)
tap(114942,1,1)
tap(115814,1,2)
tap(116076,1,2)
tap(116337,1,2)
tap(117209,1,1)
tap(117471,1,1)
tap(117733,1,1)
hold(118953,1,1,349)
hold(118953,2,1,349)
tap(120000,1,1)
tap(120262,1,1)
tap(120523,1,1)
tap(121395,1,2)
tap(121657,1,2)
tap(121919,1,2)
tap(122791,1,1)
tap(123052,1,1)
tap(123314,1,1)
hold(124884,2,1,349)
hold(124884,3,1,349)
tap(125581,1,3)
tap(125843,1,3)
tap(126105,1,3)
tap(126977,1,2)
tap(127238,1,2)
tap(127500,1,2)
tap(128372,1,3)
tap(128634,1,3)
tap(128895,1,3)
hold(130116,3,1,349)
hold(130116,2,1,349)
tap(131163,1,3)
tap(131424,1,3)
tap(131686,1,3)
tap(132558,1,2)
tap(132820,1,2)
tap(133081,1,2)
hold(133953,2,1,1047)
hold(133953,3,1,1047)
flick(135349,19,24,10,4)
flick(135698,5,24,10,16)
skyarea(136047,7,24,14,20,24,8,1,1,348,252)
skyarea(136395,20,24,8,20,24,8,1,1,349,252)
flick(136744,17,24,14,16)
flick(137006,14,24,14,4)
flick(137267,11,24,14,16)
flick(138140,7,24,14,4)
flick(138402,10,24,14,16)
flick(138663,13,24,14,4)
flick(139535,17,24,14,16)
flick(139797,14,24,14,4)
flick(140058,11,24,14,16)
skyarea(140930,8,24,16,5,24,10,1,0,175,262)
skyarea(141279,16,24,16,19,24,10,0,1,175,263)
skyarea(141628,12,24,20,12,24,8,1,1,698,264)
flick(142326,16,24,16,4)
flick(142587,16,24,16,16)
flick(142849,16,24,16,4)
flick(143721,8,24,16,16)
flick(143982,8,24,16,4)
flick(144244,8,24,16,16)
skyarea(145116,12,24,8,12,24,24,2,2,262,271)
skyarea(145465,6,24,8,18,24,8,0,0,698,272)
flick(146512,5,24,10,16)
flick(146861,19,24,10,4)
skyarea(147210,17,24,14,4,24,8,1,1,348,275)
skyarea(147558,4,24,8,4,24,8,1,1,349,275)
flick(147907,7,24,14,4)
flick(148169,10,24,14,16)
flick(148430,13,24,14,4)
flick(149303,17,24,14,16)
flick(149565,14,24,14,4)
flick(149826,11,24,14,16)
flick(150698,7,24,14,4)
flick(150960,10,24,14,16)
flick(151221,13,24,14,4)
hold(152093,5,1,349)
hold(152616,5,1,349)
tap(153488,1,5)
tap(153750,1,5)
tap(154012,1,5)
tap(154273,1,5)
skyarea(154884,12,24,24,12,24,8,2,2,1308,291)
flick(156279,12,24,8,16)
flick(156628,12,24,8,16)
flick(156977,12,24,8,4)
flick(157326,12,24,8,4)
flick(157674,12,24,24,16)
lane(0,0,0)
lane(0,4,0)
